Trial#,download_time
0,209715200, 2184467.00
1,209715200, 2222068.00
2,209715200, 2147452.00
3,209715200, 3081000.00
4,209715200, 2038958.00
5,209715200, 2667491.00
6,209715200, 2347896.00
7,209715200, 2156966.00
8,209715200, 2356443.00
9,209715200, 2462210.00
10,209715200, 2133574.00
11,209715200, 2662473.00
12,209715200, 2699280.00
13,209715200, 2257862.00
14,209715200, 2822272.00
15,209715200, 2240091.00
16,209715200, 2445903.00
17,209715200, 2358778.00
18,209715200, 2326341.00
19,209715200, 2463153.00
20,209715200, 3357236.00
21,209715200, 2414296.00
22,209715200, 2464621.00
23,209715200, 2882555.00
24,209715200, 2117312.00
25,209715200, 2273318.00
26,209715200, 3010981.00
27,209715200, 2522692.00
28,209715200, 2227144.00
29,209715200, 2343665.00
0,419430400, 3209347.00
1,419430400, 3942207.00
2,419430400, 3583092.00
3,419430400, 3801962.00
4,419430400, 3247575.00
5,419430400, 4460894.00
6,419430400, 3548598.00
7,419430400, 3655589.00
8,419430400, 3179798.00
9,419430400, 4503124.00
10,419430400, 3311070.00
11,419430400, 4676905.00
12,419430400, 5443048.00
13,419430400, 3391703.00
14,419430400, 4012429.00
15,419430400, 3210676.00
16,419430400, 4415748.00
17,419430400, 3375859.00
18,419430400, 3994159.00
19,419430400, 3224030.00
20,419430400, 4708044.00
21,419430400, 4490725.00
22,419430400, 3443492.00
23,419430400, 4562289.00
24,419430400, 4033779.00
25,419430400, 3624682.00
26,419430400, 3440215.00
27,419430400, 3967293.00
28,419430400, 3692469.00
29,419430400, 4031089.00
0,629145600, 5526746.00
1,629145600, 5106443.00
2,629145600, 4830517.00
3,629145600, 5711333.00
4,629145600, 4907485.00
5,629145600, 4665416.00
6,629145600, 5273925.00
7,629145600, 5485777.00
8,629145600, 4445999.00
9,629145600, 4559001.00
10,629145600, 5694896.00
11,629145600, 4730274.00
12,629145600, 4686691.00
13,629145600, 5513141.00
14,629145600, 5034049.00
15,629145600, 4249783.00
16,629145600, 5179140.00
17,629145600, 4426961.00
18,629145600, 4299457.00
19,629145600, 5479697.00
20,629145600, 4927682.00
21,629145600, 7921200.00
22,629145600, 14692892.00
