Trial#,download_time
0,102400, 9872.00
1,102400, 10166.00
2,102400, 10457.00
3,102400, 10281.00
4,102400, 7300.00
5,102400, 9823.00
6,102400, 5578.00
7,102400, 5009.00
8,102400, 5242.00
9,102400, 4087.00
10,102400, 112559.00
11,102400, 215322.00
12,102400, 215702.00
13,102400, 419620.00
14,102400, 4137.00
15,102400, 4475.00
16,102400, 4237.00
17,102400, 4829.00
18,102400, 5182.00
19,102400, 112016.00
20,102400, 112529.00
21,102400, 112245.00
22,102400, 112639.00
23,102400, 112516.00
24,102400, 112465.00
25,102400, 111832.00
26,102400, 112340.00
27,102400, 112630.00
28,102400, 316299.00
29,102400, 316148.00
30,102400, 316604.00
31,102400, 316125.00
32,102400, 4631.00
33,102400, 4306.00
34,102400, 4006.00
35,102400, 4555.00
36,102400, 5304.00
37,102400, 112130.00
38,102400, 112756.00
39,102400, 111688.00
40,102400, 111575.00
41,102400, 112286.00
42,102400, 112118.00
43,102400, 110447.00
44,102400, 112159.00
45,102400, 112186.00
46,102400, 314231.00
47,102400, 315627.00
48,102400, 316481.00
49,102400, 314842.00
50,102400, 4308.00
51,102400, 4769.00
52,102400, 4078.00
53,102400, 5737.00
54,102400, 4327.00
0,1048576, 18221.00
1,1048576, 16479.00
2,1048576, 14073.00
3,1048576, 26604.00
4,1048576, 33809.00
5,1048576, 34762.00
6,1048576, 34758.00
7,1048576, 19033.00
8,1048576, 16359.00
9,1048576, 17360.00
10,1048576, 27264.00
11,1048576, 37312.00
12,1048576, 137602.00
13,1048576, 34073.00
14,1048576, 324592.00
15,1048576, 20900.00
16,1048576, 34320.00
17,1048576, 325243.00
18,1048576, 26293.00
19,1048576, 120414.00
20,1048576, 119991.00
21,1048576, 117318.00
22,1048576, 117357.00
23,1048576, 130323.00
24,1048576, 119044.00
25,1048576, 321505.00
26,1048576, 321749.00
27,1048576, 331968.00
28,1048576, 324944.00
29,1048576, 14083.00
30,1048576, 20813.00
31,1048576, 28770.00
32,1048576, 15318.00
33,1048576, 14747.00
34,1048576, 19015.00
35,1048576, 20581.00
36,1048576, 223093.00
37,1048576, 220272.00
38,1048576, 219494.00
39,1048576, 218362.00
40,1048576, 238444.00
41,1048576, 151961.00
42,1048576, 218384.00
43,1048576, 219674.00
44,1048576, 219633.00
45,1048576, 239644.00
46,1048576, 15530.00
47,1048576, 34357.00
48,1048576, 330835.00
49,1048576, 321364.00
50,1048576, 250297.00
51,1048576, 116612.00
52,1048576, 124699.00
53,1048576, 116503.00
54,1048576, 116650.00
0,10485760, 328895.00
1,10485760, 161863.00
2,10485760, 48382.00
3,10485760, 140347.00
4,10485760, 239988.00
5,10485760, 62899.00
6,10485760, 245388.00
7,10485760, 63971.00
8,10485760, 423291.00
9,10485760, 63498.00
10,10485760, 240480.00
11,10485760, 52064.00
12,10485760, 247728.00
13,10485760, 58977.00
14,10485760, 240820.00
15,10485760, 128933.00
16,10485760, 46663.00
17,10485760, 101764.00
18,10485760, 236933.00
19,10485760, 49502.00
20,10485760, 442154.00
21,10485760, 234078.00
22,10485760, 142464.00
23,10485760, 48258.00
24,10485760, 64388.00
25,10485760, 252632.00
26,10485760, 51684.00
27,10485760, 347652.00
28,10485760, 147993.00
29,10485760, 67082.00
30,10485760, 550812.00
31,10485760, 52045.00
32,10485760, 239566.00
33,10485760, 67423.00
34,10485760, 332649.00
35,10485760, 138472.00
36,10485760, 70332.00
37,10485760, 55536.00
38,10485760, 240385.00
39,10485760, 52944.00
40,10485760, 347956.00
41,10485760, 114726.00
42,10485760, 343919.00
43,10485760, 133114.00
44,10485760, 145732.00
45,10485760, 45221.00
46,10485760, 51108.00
47,10485760, 235848.00
48,10485760, 51762.00
49,10485760, 277920.00
50,10485760, 49882.00
51,10485760, 240213.00
52,10485760, 63486.00
53,10485760, 238463.00
54,10485760, 52303.00
0,104857600, 1637276.00
1,104857600, 1637909.00
2,104857600, 1437689.00
3,104857600, 1434941.00
4,104857600, 1641055.00
5,104857600, 1445125.00
6,104857600, 1846681.00
7,104857600, 1531059.00
8,104857600, 1451183.00
9,104857600, 1633733.00
10,104857600, 1429358.00
11,104857600, 1444514.00
12,104857600, 1627745.00
13,104857600, 1448285.00
14,104857600, 1845964.00
15,104857600, 1521836.00
16,104857600, 1446853.00
17,104857600, 1461047.00
18,104857600, 1631852.00
19,104857600, 1424034.00
20,104857600, 1451434.00
21,104857600, 1975848.00
22,104857600, 1872314.00
23,104857600, 1846524.00
24,104857600, 2050421.00
25,104857600, 1637003.00
26,104857600, 1621676.00
27,104857600, 1448887.00
28,104857600, 1680328.00
29,104857600, 1511866.00
30,104857600, 1479258.00
31,104857600, 1637822.00
32,104857600, 1846941.00
33,104857600, 1507001.00
34,104857600, 1481474.00
35,104857600, 1624604.00
36,104857600, 1418028.00
37,104857600, 1467934.00
38,104857600, 1849974.00
39,104857600, 1498861.00
40,104857600, 1490451.00
41,104857600, 2333123.00
42,104857600, 1496138.00
43,104857600, 1607050.00
44,104857600, 1464204.00
45,104857600, 1622733.00
46,104857600, 1662969.00
47,104857600, 1605561.00
48,104857600, 1667495.00
49,104857600, 1520162.00
50,104857600, 1507698.00
51,104857600, 1616746.00
52,104857600, 1410341.00
53,104857600, 1505773.00
54,104857600, 1589165.00
0,1073741824, 5061845.00
1,1073741824, 5209039.00
2,1073741824, 5168401.00
3,1073741824, 5240744.00
4,1073741824, 5330729.00
5,1073741824, 5240925.00
6,1073741824, 5032383.00
7,1073741824, 5277009.00
8,1073741824, 5356670.00
9,1073741824, 5098804.00
10,1073741824, 4975789.00
11,1073741824, 5033550.00
12,1073741824, 5320819.00
13,1073741824, 5335772.00
14,1073741824, 5324871.00
15,1073741824, 5088925.00
16,1073741824, 5351074.00
17,1073741824, 5339708.00
18,1073741824, 5335654.00
19,1073741824, 5510950.00
20,1073741824, 5315669.00
21,1073741824, 5326879.00
22,1073741824, 5361775.00
23,1073741824, 5069564.00
24,1073741824, 5362267.00
25,1073741824, 5323900.00
26,1073741824, 5099346.00
27,1073741824, 5342466.00
28,1073741824, 4976947.00
29,1073741824, 5124499.00
30,1073741824, 5043952.00
31,1073741824, 5028162.00
32,1073741824, 5316816.00
33,1073741824, 5320757.00
34,1073741824, 5100936.00
35,1073741824, 5056922.00
36,1073741824, 5435147.00
37,1073741824, 5425160.00
38,1073741824, 5350892.00
39,1073741824, 5329858.00
40,1073741824, 5340987.00
41,1073741824, 5309885.00
42,1073741824, 5403143.00
43,1073741824, 5468557.00
44,1073741824, 5319993.00
45,1073741824, 5328314.00
46,1073741824, 5326991.00
47,1073741824, 5327883.00
48,1073741824, 5389281.00
49,1073741824, 5339707.00
50,1073741824, 5085447.00
51,1073741824, 5290058.00
52,1073741824, 5325803.00
53,1073741824, 5117883.00
