Trial#,download_time
0,102400, 3010.00
1,102400, 207135.00
2,102400, 310218.00
3,102400, 5019.00
4,102400, 3207.00
5,102400, 104264.00
6,102400, 1715.00
7,102400, 110592.00
8,102400, 104561.00
9,102400, 209162.00
10,102400, 10327.00
11,102400, 308652.00
12,102400, 313734.00
13,102400, 10352.00
14,102400, 5080.00
15,102400, 208299.00
16,102400, 10520.00
17,102400, 376603.00
18,102400, 208211.00
19,102400, 14664.00
20,102400, 9865.00
21,102400, 10561.00
22,102400, 152050.00
23,102400, 3168.00
24,102400, 6356.00
25,102400, 108612.00
26,102400, 213067.00
27,102400, 9886.00
28,102400, 9743.00
29,102400, 208769.00
30,102400, 309211.00
31,102400, 10352.00
32,102400, 12656.00
33,102400, 3939.00
34,102400, 13097.00
35,102400, 59745.00
36,102400, 2973.00
37,102400, 4797.00
38,102400, 207223.00
39,102400, 44696.00
40,102400, 104646.00
41,102400, 104760.00
42,102400, 309360.00
43,102400, 3933.00
44,102400, 255747.00
45,102400, 104235.00
46,102400, 105294.00
47,102400, 310311.00
48,102400, 9986.00
49,102400, 104225.00
50,102400, 106396.00
51,102400, 9381.00
52,102400, 208672.00
53,102400, 10236.00
54,102400, 10119.00
0,1048576, 29365.00
1,1048576, 25837.00
2,1048576, 218139.00
3,1048576, 212655.00
4,1048576, 221020.00
5,1048576, 325615.00
6,1048576, 329048.00
7,1048576, 17881.00
8,1048576, 25436.00
9,1048576, 56189.00
10,1048576, 69672.00
11,1048576, 115156.00
12,1048576, 98399.00
13,1048576, 116427.00
14,1048576, 120541.00
15,1048576, 325602.00
16,1048576, 157895.00
17,1048576, 116852.00
18,1048576, 221161.00
19,1048576, 20529.00
20,1048576, 112060.00
21,1048576, 161318.00
22,1048576, 214556.00
23,1048576, 13593.00
24,1048576, 266827.00
25,1048576, 23622.00
26,1048576, 117902.00
27,1048576, 216785.00
28,1048576, 19437.00
29,1048576, 22166.00
30,1048576, 220980.00
31,1048576, 322235.00
32,1048576, 22089.00
33,1048576, 23848.00
34,1048576, 19488.00
35,1048576, 25395.00
36,1048576, 108662.00
37,1048576, 108022.00
38,1048576, 12926.00
39,1048576, 111542.00
40,1048576, 172641.00
41,1048576, 20930.00
42,1048576, 18945.00
43,1048576, 122201.00
44,1048576, 214243.00
45,1048576, 20674.00
46,1048576, 20388.00
47,1048576, 16235.00
48,1048576, 24314.00
49,1048576, 111494.00
50,1048576, 23347.00
51,1048576, 225076.00
52,1048576, 219617.00
53,1048576, 317325.00
54,1048576, 312527.00
0,10485760, 328631.00
1,10485760, 234148.00
2,10485760, 643590.00
3,10485760, 131439.00
4,10485760, 82924.00
5,10485760, 66010.00
6,10485760, 220569.00
7,10485760, 61317.00
8,10485760, 230933.00
9,10485760, 61672.00
10,10485760, 235230.00
11,10485760, 62565.00
12,10485760, 227942.00
13,10485760, 69382.00
14,10485760, 74842.00
15,10485760, 230357.00
16,10485760, 225512.00
17,10485760, 72015.00
18,10485760, 232192.00
19,10485760, 81847.00
20,10485760, 216926.00
21,10485760, 138542.00
22,10485760, 333104.00
23,10485760, 153733.00
24,10485760, 337356.00
25,10485760, 79330.00
26,10485760, 235593.00
27,10485760, 69217.00
28,10485760, 236181.00
29,10485760, 78854.00
30,10485760, 230529.00
31,10485760, 91118.00
32,10485760, 231276.00
33,10485760, 70425.00
34,10485760, 233961.00
35,10485760, 350632.00
36,10485760, 330977.00
37,10485760, 346265.00
38,10485760, 155914.00
39,10485760, 188657.00
40,10485760, 146960.00
41,10485760, 341842.00
42,10485760, 140480.00
43,10485760, 328960.00
44,10485760, 142889.00
45,10485760, 86981.00
46,10485760, 242561.00
47,10485760, 77536.00
48,10485760, 195370.00
49,10485760, 231728.00
50,10485760, 83950.00
51,10485760, 233677.00
52,10485760, 138839.00
53,10485760, 63628.00
54,10485760, 233577.00
0,104857600, 1689618.00
1,104857600, 1843473.00
2,104857600, 2053192.00
3,104857600, 1642094.00
4,104857600, 1502257.00
5,104857600, 1977941.00
6,104857600, 1843471.00
7,104857600, 1844873.00
8,104857600, 1882729.00
9,104857600, 1691051.00
10,104857600, 1547976.00
11,104857600, 1739953.00
12,104857600, 1650240.00
13,104857600, 2459703.00
14,104857600, 1840267.00
15,104857600, 1844215.00
16,104857600, 1853448.00
17,104857600, 2036934.00
18,104857600, 1636262.00
19,104857600, 1540396.00
20,104857600, 1658235.00
21,104857600, 1630920.00
22,104857600, 2160937.00
23,104857600, 1554588.00
24,104857600, 1672777.00
25,104857600, 1840745.00
26,104857600, 2103893.00
27,104857600, 1669295.00
28,104857600, 1584357.00
29,104857600, 1796117.00
30,104857600, 1839756.00
31,104857600, 1985411.00
32,104857600, 1935742.00
33,104857600, 1893531.00
34,104857600, 1834079.00
35,104857600, 1805622.00
36,104857600, 1708659.00
37,104857600, 1553272.00
38,104857600, 1507843.00
39,104857600, 1512315.00
40,104857600, 1807902.00
41,104857600, 1903255.00
42,104857600, 2082944.00
43,104857600, 1845732.00
44,104857600, 1544821.00
45,104857600, 1903538.00
46,104857600, 2269170.00
47,104857600, 1798888.00
48,104857600, 1772871.00
49,104857600, 1604740.00
50,104857600, 2105587.00
51,104857600, 1854789.00
52,104857600, 1849680.00
53,104857600, 1895351.00
54,104857600, 2273574.00
0,1073741824, 5886232.00
1,1073741824, 8345434.00
2,1073741824, 7472740.00
3,1073741824, 8123058.00
4,1073741824, 6911459.00
5,1073741824, 6248777.00
6,1073741824, 7984311.00
7,1073741824, 7002626.00
8,1073741824, 6774271.00
9,1073741824, 6937174.00
10,1073741824, 6391369.00
11,1073741824, 7334458.00
12,1073741824, 7255656.00
13,1073741824, 6905201.00
14,1073741824, 6754161.00
15,1073741824, 6247832.00
16,1073741824, 7918230.00
17,1073741824, 7252348.00
18,1073741824, 7203253.00
19,1073741824, 7648998.00
20,1073741824, 5951722.00
21,1073741824, 7716536.00
22,1073741824, 6957629.00
23,1073741824, 7806603.00
24,1073741824, 7356126.00
25,1073741824, 6503135.00
26,1073741824, 6840680.00
27,1073741824, 6343758.00
28,1073741824, 7332550.00
29,1073741824, 7103443.00
30,1073741824, 6978076.00
31,1073741824, 7106202.00
32,1073741824, 6383271.00
33,1073741824, 9288249.00
34,1073741824, 6378831.00
35,1073741824, 8228654.00
36,1073741824, 7640566.00
37,1073741824, 6646808.00
38,1073741824, 7244178.00
39,1073741824, 6248138.00
40,1073741824, 7513424.00
41,1073741824, 6627077.00
42,1073741824, 6654776.00
43,1073741824, 6672066.00
44,1073741824, 7499088.00
45,1073741824, 6463902.00
46,1073741824, 6799124.00
47,1073741824, 7282856.00
48,1073741824, 6785029.00
49,1073741824, 7015157.00
50,1073741824, 6715097.00
51,1073741824, 6290797.00
52,1073741824, 7247662.00
53,1073741824, 6609871.00
