Trial#,download_time
0,629145600, 4220070.00
1,629145600, 4185621.00
2,629145600, 4708320.00
3,629145600, 4499919.00
4,629145600, 4199368.00
5,629145600, 4526322.00
6,629145600, 4535713.00
7,629145600, 4059337.00
8,629145600, 5327496.00
9,629145600, 5739112.00
10,629145600, 4347178.00
11,629145600, 4696966.00
12,629145600, 5114248.00
13,629145600, 4081684.00
14,629145600, 5382901.00
15,629145600, 4410250.00
16,629145600, 4273031.00
17,629145600, 5607362.00
18,629145600, 4684271.00
19,629145600, 4173155.00
20,629145600, 5298424.00
21,629145600, 4530939.00
22,629145600, 4854112.00
23,629145600, 5282602.00
24,629145600, 4481562.00
25,629145600, 4373741.00
26,629145600, 5101910.00
27,629145600, 7266775.00
28,629145600, 4286470.00
29,629145600, 5779598.00
0,838860800, 5313251.00
1,838860800, 5014262.00
2,838860800, 6475572.00
3,838860800, 5604063.00
4,838860800, 6023443.00
5,838860800, 5574905.00
6,838860800, 5762590.00
7,838860800, 6897018.00
8,838860800, 6375224.00
9,838860800, 5876104.00
10,838860800, 5914472.00
11,838860800, 5187936.00
12,838860800, 6596395.00
13,838860800, 5705291.00
14,838860800, 5748485.00
15,838860800, 5353441.00
16,838860800, 5640786.00
17,838860800, 7269103.00
18,838860800, 5701841.00
19,838860800, 5990146.00
20,838860800, 5484423.00
21,838860800, 5811114.00
22,838860800, 5875689.00
23,838860800, 5377960.00
24,838860800, 5820814.00
25,838860800, 6758809.00
26,838860800, 5930265.00
27,838860800, 5730457.00
28,838860800, 5748036.00
