Trial#,download_time
0,209715200, 2050490.00
1,209715200, 2051740.00
2,209715200, 2090306.00
3,209715200, 1890803.00
4,209715200, 1814181.00
5,209715200, 2255405.00
6,209715200, 2047063.00
7,209715200, 2048156.00
8,209715200, 2047171.00
9,209715200, 2491495.00
10,209715200, 1897567.00
11,209715200, 1875956.00
12,209715200, 1865846.00
13,209715200, 1898912.00
14,209715200, 1798457.00
15,209715200, 1842746.00
16,209715200, 1899686.00
17,209715200, 2100637.00
18,209715200, 2041698.00
19,209715200, 2257125.00
20,209715200, 2011308.00
21,209715200, 2084681.00
22,209715200, 2052195.00
23,209715200, 2044141.00
24,209715200, 2050471.00
25,209715200, 2057756.00
26,209715200, 1909832.00
27,209715200, 1808911.00
28,209715200, 1836328.00
29,209715200, 1811384.00
30,209715200, 1916962.00
31,209715200, 2045080.00
32,209715200, 2046512.00
33,209715200, 1959718.00
34,209715200, 1813746.00
35,209715200, 1921727.00
36,209715200, 2046892.00
37,209715200, 2051166.00
38,209715200, 2058451.00
39,209715200, 2039000.00
40,209715200, 1942353.00
41,209715200, 2045312.00
42,209715200, 1935633.00
43,209715200, 2037964.00
44,209715200, 2054623.00
45,209715200, 2044231.00
46,209715200, 2036235.00
47,209715200, 1936358.00
48,209715200, 2036179.00
49,209715200, 1953263.00
50,209715200, 2041490.00
51,209715200, 2256670.00
52,209715200, 2050477.00
53,209715200, 1816521.00
54,209715200, 1952473.00
0,419430400, 3080737.00
1,419430400, 2867553.00
2,419430400, 2863730.00
3,419430400, 2869740.00
4,419430400, 2842100.00
5,419430400, 3000663.00
6,419430400, 2864909.00
7,419430400, 2627882.00
8,419430400, 2811270.00
9,419430400, 2821102.00
10,419430400, 2666129.00
11,419430400, 2662838.00
12,419430400, 2665922.00
13,419430400, 2662843.00
14,419430400, 2814526.00
15,419430400, 2837458.00
16,419430400, 2566818.00
17,419430400, 2773252.00
18,419430400, 2780081.00
19,419430400, 3049800.00
20,419430400, 2697799.00
21,419430400, 2664143.00
22,419430400, 2664522.00
23,419430400, 2849523.00
24,419430400, 2786488.00
25,419430400, 2868089.00
26,419430400, 2899280.00
27,419430400, 2761383.00
28,419430400, 2911412.00
29,419430400, 2644672.00
30,419430400, 2662738.00
31,419430400, 2655350.00
32,419430400, 2691407.00
33,419430400, 2673155.00
34,419430400, 2959264.00
35,419430400, 2696353.00
36,419430400, 2666627.00
37,419430400, 2743582.00
38,419430400, 2662951.00
39,419430400, 2672746.00
40,419430400, 2784417.00
41,419430400, 2695936.00
42,419430400, 2745950.00
43,419430400, 2669529.00
44,419430400, 2683702.00
45,419430400, 2912019.00
46,419430400, 2646760.00
47,419430400, 2676351.00
48,419430400, 2685439.00
49,419430400, 2674169.00
50,419430400, 2668059.00
51,419430400, 2667080.00
52,419430400, 2667641.00
53,419430400, 2693110.00
54,419430400, 2672716.00
0,629145600, 3498627.00
1,629145600, 3502972.00
2,629145600, 3484060.00
3,629145600, 3510463.00
4,629145600, 3495218.00
5,629145600, 3480645.00
6,629145600, 3817256.00
7,629145600, 3526935.00
8,629145600, 3705028.00
9,629145600, 3559983.00
10,629145600, 3576276.00
11,629145600, 3777169.00
12,629145600, 3614474.00
13,629145600, 3735638.00
14,629145600, 3777611.00
15,629145600, 3836323.00
16,629145600, 3609189.00
17,629145600, 3508841.00
18,629145600, 3490893.00
19,629145600, 3656692.00
20,629145600, 3752975.00
21,629145600, 3567072.00
22,629145600, 3787124.00
23,629145600, 3790899.00
24,629145600, 3585685.00
25,629145600, 3829104.00
26,629145600, 3798376.00
27,629145600, 3813098.00
28,629145600, 3898688.00
29,629145600, 3833679.00
30,629145600, 3778458.00
31,629145600, 3771142.00
32,629145600, 3547584.00
33,629145600, 3814491.00
34,629145600, 3905054.00
35,629145600, 3770110.00
36,629145600, 3822242.00
37,629145600, 3828992.00
38,629145600, 3805470.00
39,629145600, 3833403.00
40,629145600, 3578653.00
41,629145600, 3779677.00
42,629145600, 3778191.00
43,629145600, 3465007.00
44,629145600, 3767770.00
45,629145600, 3735748.00
46,629145600, 3549797.00
47,629145600, 3550013.00
48,629145600, 3743889.00
49,629145600, 3622957.00
50,629145600, 4013368.00
51,629145600, 3813194.00
52,629145600, 3835593.00
53,629145600, 3690868.00
54,629145600, 3712763.00
0,838860800, 4569551.00
1,838860800, 4613383.00
2,838860800, 4298343.00
3,838860800, 4375902.00
4,838860800, 4554494.00
5,838860800, 4424527.00
6,838860800, 4636500.00
7,838860800, 4349003.00
8,838860800, 4342420.00
9,838860800, 4595150.00
10,838860800, 4358799.00
11,838860800, 4631733.00
12,838860800, 4462764.00
13,838860800, 4503316.00
14,838860800, 4343438.00
15,838860800, 4321098.00
16,838860800, 4282118.00
17,838860800, 4548899.00
18,838860800, 4314492.00
19,838860800, 4253514.00
20,838860800, 4676239.00
21,838860800, 4318003.00
22,838860800, 4277482.00
23,838860800, 4596565.00
24,838860800, 4375669.00
25,838860800, 4343276.00
26,838860800, 4464572.00
27,838860800, 4526634.00
28,838860800, 4560873.00
29,838860800, 4358556.00
30,838860800, 4671839.00
31,838860800, 4505815.00
32,838860800, 5520143.00
33,838860800, 4723035.00
34,838860800, 4503222.00
35,838860800, 4575997.00
36,838860800, 4361791.00
37,838860800, 4509891.00
38,838860800, 4304717.00
39,838860800, 4349868.00
40,838860800, 4356755.00
41,838860800, 4526049.00
42,838860800, 4506757.00
43,838860800, 4503661.00
44,838860800, 4511930.00
45,838860800, 4501310.00
46,838860800, 4479557.00
47,838860800, 4363947.00
48,838860800, 4450645.00
49,838860800, 4184273.00
50,838860800, 4496614.00
51,838860800, 4457029.00
52,838860800, 4202276.00
