Trial#,download_time
0,102400, 14557.00
1,102400, 302927.00
2,102400, 303002.00
3,102400, 2466.00
4,102400, 169119.00
5,102400, 271374.00
6,102400, 2350.00
7,102400, 170012.00
8,102400, 2205.00
9,102400, 67077.00
10,102400, 171535.00
11,102400, 3615.00
12,102400, 98230.00
13,102400, 273127.00
14,102400, 2694.00
15,102400, 10775.00
16,102400, 67880.00
17,102400, 67407.00
18,102400, 170316.00
19,102400, 170675.00
20,102400, 2632.00
21,102400, 65831.00
22,102400, 67605.00
23,102400, 66965.00
24,102400, 169626.00
25,102400, 169004.00
26,102400, 9569.00
27,102400, 67303.00
28,102400, 169518.00
29,102400, 70948.00
30,102400, 709.00
31,102400, 271395.00
32,102400, 9635.00
33,102400, 168520.00
34,102400, 272240.00
35,102400, 10932.00
36,102400, 66856.00
37,102400, 171465.00
38,102400, 69253.00
39,102400, 67144.00
40,102400, 11281.00
41,102400, 273322.00
42,102400, 2700.00
43,102400, 169268.00
44,102400, 10868.00
45,102400, 67247.00
46,102400, 170133.00
47,102400, 374658.00
48,102400, 2772.00
49,102400, 169773.00
50,102400, 169744.00
51,102400, 271480.00
52,102400, 272696.00
53,102400, 2641.00
54,102400, 67173.00
0,1048576, 119161.00
1,1048576, 271301.00
2,1048576, 375115.00
3,1048576, 66416.00
4,1048576, 67884.00
5,1048576, 171828.00
6,1048576, 274333.00
7,1048576, 67531.00
8,1048576, 275145.00
9,1048576, 68966.00
10,1048576, 70635.00
11,1048576, 172227.00
12,1048576, 66773.00
13,1048576, 380027.00
14,1048576, 66107.00
15,1048576, 68631.00
16,1048576, 170914.00
17,1048576, 273619.00
18,1048576, 67108.00
19,1048576, 67243.00
20,1048576, 171045.00
21,1048576, 68470.00
22,1048576, 69051.00
23,1048576, 172922.00
24,1048576, 67535.00
25,1048576, 280159.00
26,1048576, 377448.00
27,1048576, 66957.00
28,1048576, 170660.00
29,1048576, 273525.00
30,1048576, 66587.00
31,1048576, 177728.00
32,1048576, 276104.00
33,1048576, 9768.00
34,1048576, 182392.00
35,1048576, 176953.00
36,1048576, 22569.00
37,1048576, 75010.00
38,1048576, 170784.00
39,1048576, 274904.00
40,1048576, 69284.00
41,1048576, 172493.00
42,1048576, 273400.00
43,1048576, 66488.00
44,1048576, 175031.00
45,1048576, 175964.00
46,1048576, 174768.00
47,1048576, 66661.00
48,1048576, 21296.00
49,1048576, 274994.00
50,1048576, 374250.00
51,1048576, 66863.00
52,1048576, 175413.00
53,1048576, 171050.00
54,1048576, 273131.00
0,10485760, 201618.00
1,10485760, 163185.00
2,10485760, 238363.00
3,10485760, 185138.00
4,10485760, 153409.00
5,10485760, 160071.00
6,10485760, 116796.00
7,10485760, 179020.00
8,10485760, 312572.00
9,10485760, 112689.00
10,10485760, 121703.00
11,10485760, 222511.00
12,10485760, 238074.00
13,10485760, 115038.00
14,10485760, 107940.00
15,10485760, 102561.00
16,10485760, 122178.00
17,10485760, 244320.00
18,10485760, 480255.00
19,10485760, 160414.00
20,10485760, 284432.00
21,10485760, 182748.00
22,10485760, 170108.00
23,10485760, 166352.00
24,10485760, 160181.00
25,10485760, 151079.00
26,10485760, 144322.00
27,10485760, 183575.00
28,10485760, 198680.00
29,10485760, 130492.00
30,10485760, 129934.00
31,10485760, 149862.00
32,10485760, 316012.00
33,10485760, 168585.00
34,10485760, 523937.00
35,10485760, 123174.00
36,10485760, 272303.00
37,10485760, 140564.00
38,10485760, 173852.00
39,10485760, 406826.00
40,10485760, 112886.00
41,10485760, 137844.00
42,10485760, 263923.00
43,10485760, 425398.00
44,10485760, 524243.00
45,10485760, 112869.00
46,10485760, 155850.00
47,10485760, 114466.00
48,10485760, 230906.00
49,10485760, 276342.00
50,10485760, 112551.00
51,10485760, 173612.00
52,10485760, 193881.00
53,10485760, 100645.00
54,10485760, 110069.00
0,104857600, 690109.00
1,104857600, 2009981.00
2,104857600, 1651839.00
3,104857600, 1781215.00
4,104857600, 1846230.00
5,104857600, 1720358.00
6,104857600, 1697755.00
7,104857600, 1854746.00
8,104857600, 1837296.00
9,104857600, 1662017.00
10,104857600, 1874931.00
11,104857600, 1754023.00
12,104857600, 1842986.00
13,104857600, 1843130.00
14,104857600, 1758976.00
15,104857600, 2830153.00
16,104857600, 1963891.00
17,104857600, 1682547.00
18,104857600, 1749659.00
19,104857600, 1686842.00
20,104857600, 1593814.00
21,104857600, 1667505.00
22,104857600, 1702337.00
23,104857600, 1732610.00
24,104857600, 1858342.00
25,104857600, 1732389.00
26,104857600, 1733725.00
27,104857600, 1849804.00
28,104857600, 2057438.00
29,104857600, 1720146.00
30,104857600, 1640425.00
31,104857600, 1930340.00
32,104857600, 1569577.00
33,104857600, 1778347.00
34,104857600, 2018701.00
35,104857600, 1862371.00
36,104857600, 1896552.00
37,104857600, 1848076.00
38,104857600, 1661302.00
39,104857600, 1866088.00
40,104857600, 1796020.00
41,104857600, 1831774.00
42,104857600, 1830058.00
43,104857600, 1779218.00
44,104857600, 1812526.00
45,104857600, 1788678.00
46,104857600, 1637730.00
47,104857600, 1800600.00
48,104857600, 1853709.00
49,104857600, 1864344.00
50,104857600, 1836885.00
51,104857600, 2212095.00
52,104857600, 1766369.00
53,104857600, 1883472.00
54,104857600, 1817353.00
0,1073741824, 10918544.00
1,1073741824, 6013529.00
2,1073741824, 6316280.00
3,1073741824, 6447506.00
4,1073741824, 6283135.00
5,1073741824, 6067938.00
6,1073741824, 6349472.00
7,1073741824, 6365219.00
8,1073741824, 6402933.00
9,1073741824, 6336491.00
10,1073741824, 6385469.00
11,1073741824, 8375249.00
12,1073741824, 5936903.00
13,1073741824, 6174893.00
14,1073741824, 6377102.00
15,1073741824, 15139612.00
16,1073741824, 6379241.00
17,1073741824, 6085292.00
18,1073741824, 6179308.00
19,1073741824, 6099794.00
20,1073741824, 6293826.00
21,1073741824, 5994137.00
22,1073741824, 6270224.00
23,1073741824, 6052609.00
24,1073741824, 6249044.00
25,1073741824, 6733342.00
26,1073741824, 6033932.00
27,1073741824, 6483339.00
28,1073741824, 6010382.00
29,1073741824, 6329686.00
30,1073741824, 6527684.00
31,1073741824, 11192042.00
32,1073741824, 6075040.00
33,1073741824, 6518750.00
34,1073741824, 6246091.00
35,1073741824, 6324127.00
36,1073741824, 6453090.00
37,1073741824, 6484879.00
38,1073741824, 6549563.00
39,1073741824, 15133368.00
40,1073741824, 14894510.00
41,1073741824, 6420828.00
42,1073741824, 6528916.00
43,1073741824, 7111449.00
44,1073741824, 6415794.00
45,1073741824, 6277916.00
46,1073741824, 6143277.00
47,1073741824, 6210867.00
48,1073741824, 6495872.00
49,1073741824, 6018314.00
50,1073741824, 6582424.00
51,1073741824, 6336999.00
52,1073741824, 6472672.00
53,1073741824, 6225067.00
