Trial#,download_time
0,209715200, 3584830.00
1,209715200, 2433939.00
2,209715200, 2154700.00
3,209715200, 2214755.00
4,209715200, 3318020.00
5,209715200, 2053111.00
6,209715200, 2260832.00
7,209715200, 3108484.00
8,209715200, 2204904.00
9,209715200, 2589383.00
10,209715200, 4064734.00
11,209715200, 2270062.00
12,209715200, 2572982.00
13,209715200, 7397489.00
14,209715200, 3676493.00
15,209715200, 2459357.00
16,209715200, 2837079.00
17,209715200, 2665352.00
18,209715200, 2335934.00
19,209715200, 2753007.00
20,209715200, 3426329.00
21,209715200, 2279879.00
22,209715200, 2158827.00
23,209715200, 2821696.00
24,209715200, 2333587.00
25,209715200, 2235387.00
26,209715200, 3537921.00
27,209715200, 2421947.00
28,209715200, 2608164.00
29,209715200, 3228167.00
0,419430400, 3403557.00
1,419430400, 4642451.00
2,419430400, 3448502.00
3,419430400, 4012592.00
4,419430400, 5007972.00
5,419430400, 4824019.00
6,419430400, 3750522.00
7,419430400, 5357768.00
8,419430400, 5217522.00
9,419430400, 4707110.00
10,419430400, 4133660.00
11,419430400, 4708407.00
12,419430400, 3487181.00
13,419430400, 5070537.00
14,419430400, 3824506.00
15,419430400, 4247573.00
16,419430400, 3314305.00
17,419430400, 5029702.00
18,419430400, 3277154.00
19,419430400, 3681252.00
20,419430400, 3963806.00
21,419430400, 4195721.00
22,419430400, 5972128.00
23,419430400, 3938264.00
24,419430400, 4194358.00
25,419430400, 6090440.00
26,419430400, 3496959.00
27,419430400, 4282431.00
28,419430400, 3585020.00
29,419430400, 6051933.00
0,629145600, 5038379.00
1,629145600, 4420504.00
2,629145600, 6296091.00
3,629145600, 6550047.00
4,629145600, 5533223.00
5,629145600, 11195881.00
6,629145600, 5036940.00
7,629145600, 5835888.00
8,629145600, 4804298.00
9,629145600, 5053830.00
10,629145600, 6093745.00
11,629145600, 5308851.00
12,629145600, 4214005.00
13,629145600, 5821911.00
14,629145600, 6077210.00
15,629145600, 4619160.00
16,629145600, 6817716.00
17,629145600, 4800362.00
18,629145600, 4831160.00
19,629145600, 6348293.00
20,629145600, 6543269.00
21,629145600, 4662005.00
22,629145600, 5884447.00
23,629145600, 6168868.00
24,629145600, 5163366.00
25,629145600, 5401897.00
26,629145600, 5962025.00
27,629145600, 4685032.00
28,629145600, 5692913.00
29,629145600, 5689685.00
0,838860800, 6981447.00
1,838860800, 6550851.00
2,838860800, 5575654.00
3,838860800, 7485690.00
4,838860800, 6873833.00
5,838860800, 7179334.00
6,838860800, 7952643.00
7,838860800, 7883805.00
8,838860800, 6890260.00
9,838860800, 6350129.00
10,838860800, 6327221.00
11,838860800, 6983327.00
12,838860800, 7689799.00
13,838860800, 6519549.00
14,838860800, 7464803.00
15,838860800, 7318518.00
16,838860800, 6390630.00
17,838860800, 5727340.00
18,838860800, 6427068.00
19,838860800, 7853754.00
20,838860800, 6127191.00
21,838860800, 7090480.00
22,838860800, 7046173.00
23,838860800, 7285905.00
24,838860800, 6957279.00
25,838860800, 6958117.00
26,838860800, 6467872.00
27,838860800, 6333454.00
28,838860800, 7776163.00
