Trial#,download_time
0,102400, 9652.00
1,102400, 355291.00
2,102400, 357112.00
3,102400, 10610.00
4,102400, 45344.00
5,102400, 49533.00
6,102400, 50272.00
7,102400, 48864.00
8,102400, 225462.00
9,102400, 10114.00
10,102400, 257021.00
11,102400, 253480.00
12,102400, 353114.00
13,102400, 30053.00
14,102400, 9896.00
15,102400, 152169.00
16,102400, 153132.00
17,102400, 3451.00
18,102400, 11229.00
19,102400, 10119.00
20,102400, 258461.00
21,102400, 252867.00
22,102400, 254685.00
23,102400, 356826.00
24,102400, 252476.00
25,102400, 258654.00
26,102400, 4343.00
27,102400, 49260.00
28,102400, 367529.00
29,102400, 357121.00
30,102400, 3421.00
31,102400, 47092.00
32,102400, 52429.00
33,102400, 169658.00
34,102400, 51132.00
35,102400, 51090.00
36,102400, 50924.00
37,102400, 48347.00
38,102400, 82106.00
39,102400, 49161.00
40,102400, 150481.00
41,102400, 151038.00
42,102400, 151739.00
43,102400, 299014.00
44,102400, 155573.00
45,102400, 151956.00
46,102400, 357813.00
47,102400, 356068.00
48,102400, 409740.00
49,102400, 4156.00
50,102400, 150152.00
51,102400, 256208.00
52,102400, 254260.00
53,102400, 15212.00
54,102400, 10083.00
0,1048576, 136843.00
1,1048576, 144485.00
2,1048576, 356842.00
3,1048576, 23577.00
4,1048576, 50669.00
5,1048576, 54314.00
6,1048576, 155649.00
7,1048576, 257050.00
8,1048576, 90585.00
9,1048576, 48673.00
10,1048576, 48987.00
11,1048576, 160121.00
12,1048576, 47910.00
13,1048576, 22080.00
14,1048576, 23423.00
15,1048576, 22670.00
16,1048576, 18669.00
17,1048576, 159133.00
18,1048576, 256256.00
19,1048576, 47631.00
20,1048576, 153903.00
21,1048576, 161067.00
22,1048576, 18655.00
23,1048576, 48458.00
24,1048576, 359387.00
25,1048576, 57003.00
26,1048576, 53266.00
27,1048576, 158602.00
28,1048576, 259100.00
29,1048576, 46992.00
30,1048576, 153197.00
31,1048576, 322653.00
32,1048576, 61675.00
33,1048576, 161021.00
34,1048576, 157814.00
35,1048576, 159633.00
36,1048576, 257543.00
37,1048576, 360411.00
38,1048576, 48276.00
39,1048576, 151677.00
40,1048576, 252982.00
41,1048576, 21908.00
42,1048576, 56281.00
43,1048576, 162231.00
44,1048576, 155671.00
45,1048576, 48375.00
46,1048576, 358612.00
47,1048576, 358312.00
48,1048576, 47656.00
49,1048576, 157694.00
50,1048576, 157568.00
51,1048576, 255500.00
52,1048576, 46389.00
53,1048576, 158524.00
54,1048576, 259594.00
0,10485760, 93837.00
1,10485760, 264540.00
2,10485760, 506144.00
3,10485760, 118432.00
4,10485760, 417662.00
5,10485760, 226332.00
6,10485760, 114842.00
7,10485760, 158388.00
8,10485760, 232117.00
9,10485760, 192667.00
10,10485760, 222866.00
11,10485760, 136252.00
12,10485760, 113270.00
13,10485760, 95453.00
14,10485760, 436119.00
15,10485760, 437585.00
16,10485760, 173573.00
17,10485760, 146142.00
18,10485760, 155362.00
19,10485760, 114294.00
20,10485760, 284133.00
21,10485760, 128102.00
22,10485760, 101510.00
23,10485760, 69155.00
24,10485760, 87313.00
25,10485760, 65745.00
26,10485760, 218795.00
27,10485760, 100383.00
28,10485760, 269104.00
29,10485760, 150781.00
30,10485760, 158110.00
31,10485760, 126892.00
32,10485760, 288519.00
33,10485760, 313428.00
34,10485760, 157006.00
35,10485760, 99493.00
36,10485760, 269087.00
37,10485760, 90885.00
38,10485760, 276234.00
39,10485760, 234134.00
40,10485760, 120546.00
41,10485760, 372647.00
42,10485760, 103016.00
43,10485760, 130707.00
44,10485760, 91214.00
45,10485760, 263247.00
46,10485760, 160837.00
47,10485760, 195621.00
48,10485760, 286799.00
49,10485760, 314308.00
50,10485760, 303426.00
51,10485760, 650965.00
52,10485760, 145729.00
53,10485760, 105873.00
54,10485760, 425608.00
0,104857600, 1688591.00
1,104857600, 1842341.00
2,104857600, 1637486.00
3,104857600, 1793683.00
4,104857600, 1843424.00
5,104857600, 1704393.00
6,104857600, 2392382.00
7,104857600, 1842635.00
8,104857600, 3303091.00
9,104857600, 1773324.00
10,104857600, 1919401.00
11,104857600, 1911517.00
12,104857600, 1820838.00
13,104857600, 1846408.00
14,104857600, 1981098.00
15,104857600, 1639378.00
16,104857600, 2397028.00
17,104857600, 1723333.00
18,104857600, 1808968.00
19,104857600, 2280481.00
20,104857600, 1873396.00
21,104857600, 2039466.00
22,104857600, 2128179.00
23,104857600, 1736662.00
24,104857600, 1829405.00
25,104857600, 1821692.00
26,104857600, 2721582.00
27,104857600, 1804546.00
28,104857600, 1855942.00
29,104857600, 2365282.00
30,104857600, 2136535.00
31,104857600, 1933754.00
32,104857600, 1751574.00
33,104857600, 1828681.00
34,104857600, 2141010.00
35,104857600, 1833006.00
36,104857600, 2422473.00
37,104857600, 1636712.00
38,104857600, 2238908.00
39,104857600, 1959691.00
40,104857600, 3156030.00
41,104857600, 1633573.00
42,104857600, 1906059.00
43,104857600, 3191927.00
44,104857600, 2519110.00
45,104857600, 1980384.00
46,104857600, 1879838.00
47,104857600, 1759658.00
48,104857600, 1794079.00
49,104857600, 2059599.00
50,104857600, 1939020.00
51,104857600, 1934705.00
52,104857600, 1994331.00
53,104857600, 1869687.00
54,104857600, 2354128.00
0,1073741824, 10152807.00
1,1073741824, 7458029.00
2,1073741824, 7712062.00
3,1073741824, 8196773.00
4,1073741824, 8744485.00
5,1073741824, 8061663.00
6,1073741824, 6993057.00
7,1073741824, 7735964.00
8,1073741824, 7903275.00
9,1073741824, 9033712.00
10,1073741824, 7933153.00
11,1073741824, 7310619.00
12,1073741824, 10795592.00
13,1073741824, 7440499.00
14,1073741824, 8433495.00
15,1073741824, 11813230.00
16,1073741824, 8138371.00
17,1073741824, 10460439.00
18,1073741824, 7258130.00
19,1073741824, 9441759.00
20,1073741824, 7774427.00
21,1073741824, 14830729.00
22,1073741824, 6673815.00
23,1073741824, 10802139.00
24,1073741824, 6811875.00
25,1073741824, 8189295.00
26,1073741824, 9157966.00
27,1073741824, 8947205.00
28,1073741824, 8784859.00
29,1073741824, 7357555.00
30,1073741824, 8435480.00
31,1073741824, 7771111.00
32,1073741824, 10240909.00
33,1073741824, 8873639.00
34,1073741824, 9046966.00
35,1073741824, 9246480.00
36,1073741824, 8397222.00
37,1073741824, 10737043.00
38,1073741824, 7584021.00
39,1073741824, 9246970.00
40,1073741824, 8482094.00
41,1073741824, 15239354.00
42,1073741824, 6981314.00
43,1073741824, 12791239.00
44,1073741824, 7493660.00
45,1073741824, 11018065.00
46,1073741824, 9077342.00
47,1073741824, 11969592.00
48,1073741824, 10074833.00
49,1073741824, 10535129.00
50,1073741824, 8625088.00
51,1073741824, 10718581.00
52,1073741824, 15437060.00
53,1073741824, 10538248.00
