Trial#,download_time
0,209715200, 2345833.00
1,209715200, 2150514.00
2,209715200, 2048269.00
3,209715200, 2270573.00
4,209715200, 2210831.00
5,209715200, 2385248.00
6,209715200, 2331488.00
7,209715200, 2389340.00
8,209715200, 2318960.00
9,209715200, 2389278.00
10,209715200, 2277872.00
11,209715200, 2669090.00
12,209715200, 2354676.00
13,209715200, 2094590.00
14,209715200, 2623333.00
15,209715200, 2154089.00
16,209715200, 2322889.00
17,209715200, 2265857.00
18,209715200, 2417305.00
19,209715200, 4172899.00
20,209715200, 2501679.00
21,209715200, 2343234.00
22,209715200, 2255326.00
23,209715200, 4232928.00
24,209715200, 2358856.00
25,209715200, 2297782.00
26,209715200, 2306428.00
27,209715200, 2335793.00
28,209715200, 2282468.00
29,209715200, 2190827.00
30,209715200, 2310808.00
31,209715200, 4181935.00
32,209715200, 2085205.00
33,209715200, 2400264.00
34,209715200, 2356624.00
35,209715200, 2323852.00
36,209715200, 2301389.00
37,209715200, 2095599.00
38,209715200, 2260599.00
39,209715200, 2281610.00
40,209715200, 2356182.00
41,209715200, 2032708.00
42,209715200, 2372299.00
43,209715200, 2373940.00
44,209715200, 2212044.00
45,209715200, 2425245.00
46,209715200, 2326947.00
47,209715200, 2121341.00
48,209715200, 2291384.00
49,209715200, 2305773.00
50,209715200, 2129522.00
51,209715200, 2448948.00
52,209715200, 4132987.00
53,209715200, 3961201.00
54,209715200, 2360895.00
0,419430400, 3012429.00
1,419430400, 3184069.00
2,419430400, 3295674.00
3,419430400, 3205586.00
4,419430400, 3074834.00
5,419430400, 3671665.00
6,419430400, 3090606.00
7,419430400, 3098046.00
8,419430400, 3155414.00
9,419430400, 3064940.00
10,419430400, 3344398.00
11,419430400, 3465055.00
12,419430400, 3520354.00
13,419430400, 3185976.00
14,419430400, 3391661.00
15,419430400, 3064371.00
16,419430400, 3233325.00
17,419430400, 3402959.00
18,419430400, 3135100.00
19,419430400, 3347041.00
20,419430400, 3388415.00
21,419430400, 3473839.00
22,419430400, 3581524.00
23,419430400, 3110485.00
24,419430400, 3060614.00
25,419430400, 3065652.00
26,419430400, 3108788.00
27,419430400, 3336446.00
28,419430400, 3265709.00
29,419430400, 3326729.00
30,419430400, 3121752.00
31,419430400, 3133221.00
32,419430400, 3287255.00
33,419430400, 3463713.00
34,419430400, 3903466.00
35,419430400, 3220298.00
36,419430400, 3275143.00
37,419430400, 3179069.00
38,419430400, 3256582.00
39,419430400, 3495309.00
40,419430400, 3210213.00
41,419430400, 3068968.00
42,419430400, 3135447.00
43,419430400, 3593707.00
44,419430400, 3244135.00
45,419430400, 3672834.00
46,419430400, 6601051.00
47,419430400, 3268436.00
48,419430400, 3104252.00
49,419430400, 3053096.00
50,419430400, 3384938.00
51,419430400, 3570565.00
52,419430400, 7166643.00
53,419430400, 5078640.00
54,419430400, 3131399.00
0,629145600, 4199996.00
1,629145600, 4518430.00
2,629145600, 4087974.00
3,629145600, 4187725.00
4,629145600, 4828072.00
5,629145600, 6839101.00
6,629145600, 4172802.00
7,629145600, 4465915.00
8,629145600, 4490004.00
9,629145600, 4179517.00
10,629145600, 4210754.00
11,629145600, 4194667.00
12,629145600, 4207606.00
13,629145600, 4402316.00
14,629145600, 4274361.00
15,629145600, 4017242.00
16,629145600, 4108558.00
17,629145600, 4485945.00
18,629145600, 4322358.00
19,629145600, 4423803.00
20,629145600, 3990573.00
21,629145600, 4219448.00
22,629145600, 4376272.00
23,629145600, 4693723.00
24,629145600, 9084784.00
25,629145600, 4292077.00
26,629145600, 4081885.00
27,629145600, 4339456.00
28,629145600, 4017565.00
29,629145600, 4195424.00
30,629145600, 5174255.00
31,629145600, 10040530.00
32,629145600, 9776589.00
33,629145600, 4389495.00
34,629145600, 4777073.00
35,629145600, 9161331.00
36,629145600, 4799001.00
37,629145600, 9758069.00
38,629145600, 4271505.00
39,629145600, 4866929.00
40,629145600, 9803588.00
41,629145600, 4347593.00
42,629145600, 4529316.00
43,629145600, 4132208.00
44,629145600, 4343303.00
45,629145600, 4416269.00
46,629145600, 4332498.00
47,629145600, 4614714.00
48,629145600, 4356968.00
49,629145600, 5052059.00
50,629145600, 7732244.00
51,629145600, 4535283.00
52,629145600, 4017891.00
53,629145600, 4176467.00
54,629145600, 5119415.00
0,838860800, 5147759.00
1,838860800, 5400731.00
2,838860800, 5884767.00
3,838860800, 6186266.00
4,838860800, 5334984.00
5,838860800, 6181821.00
6,838860800, 7397460.00
7,838860800, 5596547.00
8,838860800, 5715310.00
9,838860800, 5335145.00
10,838860800, 5025681.00
11,838860800, 5475304.00
12,838860800, 6541859.00
13,838860800, 7877517.00
14,838860800, 5446914.00
15,838860800, 5404767.00
16,838860800, 5121881.00
17,838860800, 5305746.00
18,838860800, 6008773.00
19,838860800, 7078587.00
20,838860800, 8429741.00
21,838860800, 5382328.00
22,838860800, 5439892.00
23,838860800, 5257017.00
24,838860800, 5503096.00
25,838860800, 5801073.00
26,838860800, 4967559.00
27,838860800, 5458313.00
28,838860800, 5203628.00
29,838860800, 5379924.00
30,838860800, 5466521.00
31,838860800, 5187793.00
32,838860800, 5243434.00
33,838860800, 6016307.00
34,838860800, 5071433.00
35,838860800, 5320445.00
36,838860800, 5468096.00
37,838860800, 5487016.00
38,838860800, 5262735.00
39,838860800, 5060333.00
40,838860800, 4888207.00
41,838860800, 4989159.00
42,838860800, 5074029.00
43,838860800, 5440038.00
44,838860800, 5272212.00
45,838860800, 5595459.00
46,838860800, 5294534.00
47,838860800, 5268400.00
48,838860800, 5248292.00
49,838860800, 5416744.00
50,838860800, 5175473.00
51,838860800, 5199412.00
52,838860800, 5023085.00
53,838860800, 4854633.00
