Trial#,download_time
0,209715200, 4677323.00
1,209715200, 4506001.00
2,209715200, 4712562.00
3,209715200, 4095887.00
4,209715200, 4095811.00
5,209715200, 4302188.00
6,209715200, 4301576.00
7,209715200, 4097444.00
8,209715200, 4334323.00
9,209715200, 4267853.00
10,209715200, 4442922.00
11,209715200, 4157726.00
12,209715200, 4303588.00
13,209715200, 4302633.00
14,209715200, 4505891.00
15,209715200, 4228793.00
16,209715200, 4167615.00
17,209715200, 4301372.00
18,209715200, 4302927.00
19,209715200, 4245021.00
20,209715200, 4355588.00
21,209715200, 4304519.00
22,209715200, 4299798.00
23,209715200, 4299420.00
24,209715200, 4309338.00
25,209715200, 4294939.00
26,209715200, 4300965.00
27,209715200, 4301137.00
28,209715200, 4101335.00
29,209715200, 4298433.00
30,209715200, 4304657.00
31,209715200, 4301266.00
32,209715200, 4107634.00
33,209715200, 4508120.00
34,209715200, 4305429.00
35,209715200, 4294690.00
36,209715200, 4298927.00
37,209715200, 4307682.00
38,209715200, 4295559.00
39,209715200, 4300734.00
40,209715200, 4306889.00
41,209715200, 4299942.00
42,209715200, 4307416.00
43,209715200, 4303348.00
44,209715200, 4311046.00
45,209715200, 4301307.00
46,209715200, 4300582.00
47,209715200, 4096812.00
48,209715200, 4312663.00
49,209715200, 4314976.00
50,209715200, 4284491.00
51,209715200, 4312356.00
52,209715200, 4301025.00
53,209715200, 4096205.00
54,209715200, 4303997.00
0,419430400, 7368259.00
1,419430400, 7392509.00
2,419430400, 7351676.00
3,419430400, 7591285.00
4,419430400, 7370630.00
5,419430400, 7378201.00
6,419430400, 7168886.00
7,419430400, 7382372.00
8,419430400, 7382068.00
9,419430400, 7292025.00
10,419430400, 7246444.00
11,419430400, 7382347.00
12,419430400, 7157007.00
13,419430400, 7393960.00
14,419430400, 7385650.00
15,419430400, 7565979.00
16,419430400, 7367124.00
17,419430400, 7586873.00
18,419430400, 7370711.00
19,419430400, 7575550.00
20,419430400, 7379984.00
21,419430400, 7710783.00
22,419430400, 7458224.00
23,419430400, 7165041.00
24,419430400, 7375087.00
25,419430400, 7365017.00
26,419430400, 7379148.00
27,419430400, 7291797.00
28,419430400, 7246605.00
29,419430400, 7385627.00
30,419430400, 7359502.00
31,419430400, 7385035.00
32,419430400, 7369404.00
33,419430400, 7316810.00
34,419430400, 7652804.00
35,419430400, 7366692.00
36,419430400, 7397318.00
37,419430400, 7354584.00
38,419430400, 7372618.00
39,419430400, 7371361.00
40,419430400, 7582168.00
41,419430400, 7365080.00
42,419430400, 7176835.00
43,419430400, 7378314.00
44,419430400, 7358997.00
45,419430400, 7581148.00
46,419430400, 7368536.00
47,419430400, 7383749.00
48,419430400, 7373669.00
49,419430400, 7587382.00
50,419430400, 7578909.00
51,419430400, 7381109.00
52,419430400, 7187352.00
53,419430400, 7379915.00
54,419430400, 7528272.00
0,629145600, 10452954.00
1,629145600, 10453276.00
2,629145600, 10635947.00
3,629145600, 10676848.00
4,629145600, 10649413.00
5,629145600, 10472610.00
6,629145600, 10427014.00
7,629145600, 10450479.00
8,629145600, 10230433.00
9,629145600, 10656398.00
10,629145600, 10465568.00
11,629145600, 10646156.00
12,629145600, 10079943.00
13,629145600, 10401125.00
14,629145600, 10234025.00
15,629145600, 10244843.00
16,629145600, 10449166.00
17,629145600, 10246493.00
18,629145600, 10460008.00
19,629145600, 10227880.00
20,629145600, 10024162.00
21,629145600, 10266780.00
22,629145600, 10232778.00
23,629145600, 10244187.00
24,629145600, 10447832.00
25,629145600, 10252577.00
26,629145600, 10243009.00
27,629145600, 10027293.00
28,629145600, 10047373.00
29,629145600, 10029301.00
30,629145600, 10036447.00
31,629145600, 10251379.00
32,629145600, 10022369.00
33,629145600, 10061261.00
34,629145600, 10015844.00
35,629145600, 10265071.00
36,629145600, 10440092.00
37,629145600, 10239650.00
38,629145600, 10494284.00
39,629145600, 10193391.00
40,629145600, 10027347.00
41,629145600, 10048896.00
42,629145600, 10243405.00
43,629145600, 10236364.00
44,629145600, 10235073.00
45,629145600, 10040127.00
46,629145600, 10037646.00
47,629145600, 9839970.00
48,629145600, 10038144.00
49,629145600, 10039536.00
50,629145600, 10029814.00
51,629145600, 10066072.00
52,629145600, 10213616.00
53,629145600, 10037955.00
54,629145600, 10242805.00
0,838860800, 13356768.00
1,838860800, 13259621.00
2,838860800, 13111849.00
3,838860800, 13306095.00
4,838860800, 13117476.00
5,838860800, 13110019.00
6,838860800, 13310355.00
7,838860800, 13313512.00
8,838860800, 13521216.00
9,838860800, 13525235.00
10,838860800, 13503507.00
11,838860800, 13315978.00
12,838860800, 13927322.00
13,838860800, 14665018.00
14,838860800, 15238351.00
15,838860800, 13320971.00
16,838860800, 13320613.00
17,838860800, 13303052.00
18,838860800, 13318392.00
19,838860800, 13109703.00
20,838860800, 13106548.00
21,838860800, 12932770.00
22,838860800, 13293111.00
23,838860800, 13296480.00
24,838860800, 13113977.00
25,838860800, 13317016.00
26,838860800, 13310439.00
27,838860800, 13328554.00
28,838860800, 13302641.00
29,838860800, 13087523.00
30,838860800, 13114025.00
31,838860800, 13347962.00
32,838860800, 13499102.00
33,838860800, 13317835.00
34,838860800, 13521062.00
35,838860800, 13526495.00
36,838860800, 13704704.00
37,838860800, 13320156.00
38,838860800, 13317031.00
39,838860800, 13327501.00
40,838860800, 13500095.00
41,838860800, 13310979.00
42,838860800, 13312087.00
43,838860800, 13531187.00
44,838860800, 13088943.00
45,838860800, 13331182.00
46,838860800, 13303551.00
47,838860800, 13114581.00
48,838860800, 13324359.00
49,838860800, 13306985.00
50,838860800, 13301846.00
51,838860800, 13522317.00
52,838860800, 13328562.00
53,838860800, 13159232.00
