Trial#,download_time
0,102400, 10316.00
1,102400, 8762.00
2,102400, 9511.00
3,102400, 10869.00
4,102400, 10526.00
5,102400, 15692.00
6,102400, 9973.00
7,102400, 9463.00
8,102400, 9185.00
9,102400, 7394.00
10,102400, 8200.00
11,102400, 8493.00
12,102400, 7684.00
13,102400, 7266.00
14,102400, 7292.00
15,102400, 8285.00
16,102400, 9253.00
17,102400, 8815.00
18,102400, 9402.00
19,102400, 8017.00
20,102400, 7388.00
21,102400, 10053.00
22,102400, 8983.00
23,102400, 8089.00
24,102400, 7838.00
25,102400, 8560.00
26,102400, 7061.00
27,102400, 8002.00
28,102400, 7568.00
29,102400, 7284.00
30,102400, 7522.00
31,102400, 8265.00
32,102400, 7195.00
33,102400, 5799.00
34,102400, 6222.00
35,102400, 4998.00
36,102400, 5531.00
37,102400, 4779.00
38,102400, 4659.00
39,102400, 5698.00
40,102400, 4806.00
41,102400, 4120.00
42,102400, 5314.00
43,102400, 4250.00
44,102400, 3938.00
45,102400, 5236.00
46,102400, 4788.00
47,102400, 5319.00
48,102400, 4514.00
49,102400, 9729.00
50,102400, 5268.00
51,102400, 4285.00
52,102400, 4085.00
53,102400, 4302.00
54,102400, 3889.00
0,1048576, 51011.00
1,1048576, 48063.00
2,1048576, 44315.00
3,1048576, 45702.00
4,1048576, 46889.00
5,1048576, 40594.00
6,1048576, 47553.00
7,1048576, 40459.00
8,1048576, 44359.00
9,1048576, 43000.00
10,1048576, 39383.00
11,1048576, 39364.00
12,1048576, 36436.00
13,1048576, 41600.00
14,1048576, 39541.00
15,1048576, 36095.00
16,1048576, 34568.00
17,1048576, 35799.00
18,1048576, 35764.00
19,1048576, 46543.00
20,1048576, 46598.00
21,1048576, 37541.00
22,1048576, 36536.00
23,1048576, 38050.00
24,1048576, 38636.00
25,1048576, 39717.00
26,1048576, 35597.00
27,1048576, 42748.00
28,1048576, 44006.00
29,1048576, 40419.00
30,1048576, 38501.00
31,1048576, 37579.00
32,1048576, 38265.00
33,1048576, 33856.00
34,1048576, 38790.00
35,1048576, 35928.00
36,1048576, 39478.00
37,1048576, 37457.00
38,1048576, 37378.00
39,1048576, 39472.00
40,1048576, 40411.00
41,1048576, 40099.00
42,1048576, 37614.00
43,1048576, 41528.00
44,1048576, 37666.00
45,1048576, 45784.00
46,1048576, 39239.00
47,1048576, 39639.00
48,1048576, 37245.00
49,1048576, 47232.00
50,1048576, 38496.00
51,1048576, 42859.00
52,1048576, 37497.00
53,1048576, 36726.00
54,1048576, 37350.00
0,10485760, 280452.00
1,10485760, 286113.00
2,10485760, 265153.00
3,10485760, 241369.00
4,10485760, 229827.00
5,10485760, 228496.00
6,10485760, 230744.00
7,10485760, 216546.00
8,10485760, 223042.00
9,10485760, 215295.00
10,10485760, 225717.00
11,10485760, 224056.00
12,10485760, 205201.00
13,10485760, 217090.00
14,10485760, 214032.00
15,10485760, 210833.00
16,10485760, 215505.00
17,10485760, 202206.00
18,10485760, 209487.00
19,10485760, 190612.00
20,10485760, 188971.00
21,10485760, 196864.00
22,10485760, 204407.00
23,10485760, 204657.00
24,10485760, 207533.00
25,10485760, 203625.00
26,10485760, 208515.00
27,10485760, 207152.00
28,10485760, 198534.00
29,10485760, 196779.00
30,10485760, 195060.00
31,10485760, 174341.00
32,10485760, 178144.00
33,10485760, 181129.00
34,10485760, 175909.00
35,10485760, 170685.00
36,10485760, 173245.00
37,10485760, 175626.00
38,10485760, 169445.00
39,10485760, 172590.00
40,10485760, 174171.00
41,10485760, 177056.00
42,10485760, 183587.00
43,10485760, 196189.00
44,10485760, 196108.00
45,10485760, 194148.00
46,10485760, 184158.00
47,10485760, 193525.00
48,10485760, 195926.00
49,10485760, 191992.00
50,10485760, 189934.00
51,10485760, 197730.00
52,10485760, 200859.00
53,10485760, 196992.00
54,10485760, 192101.00
0,104857600, 2866424.00
1,104857600, 2867141.00
2,104857600, 2867223.00
3,104857600, 2867638.00
4,104857600, 2866588.00
5,104857600, 2776098.00
6,104857600, 2962244.00
7,104857600, 2867863.00
8,104857600, 2866594.00
9,104857600, 2867571.00
10,104857600, 2869011.00
11,104857600, 2865830.00
12,104857600, 2865593.00
13,104857600, 2869253.00
14,104857600, 2869044.00
15,104857600, 2867974.00
16,104857600, 2864057.00
17,104857600, 2870497.00
18,104857600, 2866669.00
19,104857600, 2867872.00
20,104857600, 2868270.00
21,104857600, 2865447.00
22,104857600, 2869197.00
23,104857600, 2867160.00
24,104857600, 2867959.00
25,104857600, 2866277.00
26,104857600, 2869817.00
27,104857600, 2867356.00
28,104857600, 2865306.00
29,104857600, 2866374.00
30,104857600, 2869988.00
31,104857600, 2868099.00
32,104857600, 2865214.00
33,104857600, 2869492.00
34,104857600, 2864570.00
35,104857600, 3283463.00
36,104857600, 2861165.00
37,104857600, 2869599.00
38,104857600, 2866169.00
39,104857600, 2867682.00
40,104857600, 2866900.00
41,104857600, 2868362.00
42,104857600, 2869004.00
43,104857600, 2864703.00
44,104857600, 2867564.00
45,104857600, 2867467.00
46,104857600, 2867300.00
47,104857600, 2870006.00
48,104857600, 2865401.00
49,104857600, 2867361.00
50,104857600, 2865513.00
51,104857600, 2868294.00
52,104857600, 2866023.00
53,104857600, 2868286.00
54,104857600, 2861012.00
0,1073741824, 19248684.00
1,1073741824, 19463135.00
2,1073741824, 19451082.00
3,1073741824, 19253404.00
4,1073741824, 19453554.00
5,1073741824, 19252146.00
6,1073741824, 19042958.00
7,1073741824, 19257130.00
8,1073741824, 19453444.00
9,1073741824, 19250743.00
10,1073741824, 19255116.00
11,1073741824, 19250880.00
12,1073741824, 19453818.00
13,1073741824, 19254722.00
14,1073741824, 19320981.00
15,1073741824, 19387478.00
16,1073741824, 19040004.00
17,1073741824, 19076363.00
18,1073741824, 19225043.00
19,1073741824, 19045918.00
20,1073741824, 19254285.00
21,1073741824, 19251197.00
22,1073741824, 19046951.00
23,1073741824, 19250845.00
24,1073741824, 19046819.00
25,1073741824, 19251360.00
26,1073741824, 19663153.00
27,1073741824, 19251868.00
28,1073741824, 19255802.00
29,1073741824, 19247463.00
30,1073741824, 19421519.00
31,1073741824, 19078234.00
32,1073741824, 19463454.00
33,1073741824, 19040096.00
34,1073741824, 19251816.00
35,1073741824, 19254588.00
36,1073741824, 19108893.00
37,1073741824, 19401567.00
38,1073741824, 19449389.00
39,1073741824, 19458018.00
40,1073741824, 19247267.00
41,1073741824, 19250366.00
42,1073741824, 19669220.00
43,1073741824, 19448702.00
44,1073741824, 19453607.00
45,1073741824, 19254110.00
46,1073741824, 19252766.00
47,1073741824, 19672389.00
48,1073741824, 19237831.00
49,1073741824, 19044305.00
50,1073741824, 19460347.00
51,1073741824, 19253505.00
52,1073741824, 19249486.00
53,1073741824, 19254330.00
