Trial#,download_time
0,102400, 11797.00
1,102400, 9759.00
2,102400, 9174.00
3,102400, 7697.00
4,102400, 7689.00
5,102400, 8630.00
6,102400, 7367.00
7,102400, 7544.00
8,102400, 7151.00
9,102400, 8030.00
10,102400, 7179.00
11,102400, 7198.00
12,102400, 6321.00
13,102400, 6212.00
14,102400, 6122.00
15,102400, 6249.00
16,102400, 7432.00
17,102400, 5916.00
18,102400, 6223.00
19,102400, 6439.00
20,102400, 9182.00
21,102400, 6323.00
22,102400, 6665.00
23,102400, 6616.00
24,102400, 6783.00
25,102400, 5938.00
26,102400, 5793.00
27,102400, 5168.00
28,102400, 4825.00
29,102400, 3672.00
30,102400, 4699.00
31,102400, 4735.00
32,102400, 10725.00
33,102400, 4513.00
34,102400, 3303.00
35,102400, 3451.00
36,102400, 2861.00
37,102400, 3327.00
38,102400, 2879.00
39,102400, 616.00
40,102400, 589.00
41,102400, 191.00
42,102400, 3207.00
43,102400, 2924.00
44,102400, 3225.00
45,102400, 2948.00
46,102400, 3457.00
47,102400, 3127.00
48,102400, 3183.00
49,102400, 513.00
50,102400, 2999.00
51,102400, 249.00
52,102400, 616.00
53,102400, 240.00
54,102400, 489.00
0,1048576, 59565.00
1,1048576, 59044.00
2,1048576, 47671.00
3,1048576, 45724.00
4,1048576, 46471.00
5,1048576, 40674.00
6,1048576, 39951.00
7,1048576, 40358.00
8,1048576, 39798.00
9,1048576, 41067.00
10,1048576, 39222.00
11,1048576, 37375.00
12,1048576, 35933.00
13,1048576, 37355.00
14,1048576, 33858.00
15,1048576, 44822.00
16,1048576, 35122.00
17,1048576, 36659.00
18,1048576, 38426.00
19,1048576, 38643.00
20,1048576, 35278.00
21,1048576, 41795.00
22,1048576, 34942.00
23,1048576, 32201.00
24,1048576, 34872.00
25,1048576, 35154.00
26,1048576, 32789.00
27,1048576, 32937.00
28,1048576, 37046.00
29,1048576, 36473.00
30,1048576, 33275.00
31,1048576, 37554.00
32,1048576, 35737.00
33,1048576, 32314.00
34,1048576, 33975.00
35,1048576, 43153.00
36,1048576, 39900.00
37,1048576, 50654.00
38,1048576, 39958.00
39,1048576, 43933.00
40,1048576, 38656.00
41,1048576, 44390.00
42,1048576, 43680.00
43,1048576, 40473.00
44,1048576, 39809.00
45,1048576, 40353.00
46,1048576, 42375.00
47,1048576, 38785.00
48,1048576, 37322.00
49,1048576, 37799.00
50,1048576, 41551.00
51,1048576, 37985.00
52,1048576, 35068.00
53,1048576, 39307.00
54,1048576, 37787.00
0,10485760, 243521.00
1,10485760, 161865.00
2,10485760, 162303.00
3,10485760, 152101.00
4,10485760, 155490.00
5,10485760, 154050.00
6,10485760, 155819.00
7,10485760, 153526.00
8,10485760, 151604.00
9,10485760, 159178.00
10,10485760, 154898.00
11,10485760, 158341.00
12,10485760, 149590.00
13,10485760, 149842.00
14,10485760, 160241.00
15,10485760, 148750.00
16,10485760, 149028.00
17,10485760, 150261.00
18,10485760, 156144.00
19,10485760, 150430.00
20,10485760, 144885.00
21,10485760, 139806.00
22,10485760, 135611.00
23,10485760, 153086.00
24,10485760, 138021.00
25,10485760, 138886.00
26,10485760, 148959.00
27,10485760, 158635.00
28,10485760, 152302.00
29,10485760, 150530.00
30,10485760, 156410.00
31,10485760, 152916.00
32,10485760, 154201.00
33,10485760, 154926.00
34,10485760, 156353.00
35,10485760, 154312.00
36,10485760, 147696.00
37,10485760, 154733.00
38,10485760, 159757.00
39,10485760, 162202.00
40,10485760, 152319.00
41,10485760, 151038.00
42,10485760, 189395.00
43,10485760, 161517.00
44,10485760, 155229.00
45,10485760, 148323.00
46,10485760, 159701.00
47,10485760, 167132.00
48,10485760, 157589.00
49,10485760, 146855.00
50,10485760, 154289.00
51,10485760, 157628.00
52,10485760, 147128.00
53,10485760, 148414.00
54,10485760, 155241.00
0,104857600, 2457145.00
1,104857600, 2460432.00
2,104857600, 2454046.00
3,104857600, 2458532.00
4,104857600, 2456730.00
5,104857600, 2458069.00
6,104857600, 2460991.00
7,104857600, 2457432.00
8,104857600, 2457945.00
9,104857600, 2459096.00
10,104857600, 2457358.00
11,104857600, 2456575.00
12,104857600, 2665528.00
13,104857600, 2456503.00
14,104857600, 2456943.00
15,104857600, 2457999.00
16,104857600, 2458711.00
17,104857600, 2456298.00
18,104857600, 2459951.00
19,104857600, 2454618.00
20,104857600, 2459699.00
21,104857600, 2665784.00
22,104857600, 2454508.00
23,104857600, 2461203.00
24,104857600, 2455641.00
25,104857600, 2456190.00
26,104857600, 2459391.00
27,104857600, 2455459.00
28,104857600, 2459794.00
29,104857600, 2459367.00
30,104857600, 2453523.00
31,104857600, 2457810.00
32,104857600, 2461046.00
33,104857600, 2455355.00
34,104857600, 2457296.00
35,104857600, 2462517.00
36,104857600, 2453561.00
37,104857600, 2455229.00
38,104857600, 2458568.00
39,104857600, 2456496.00
40,104857600, 2459568.00
41,104857600, 2456689.00
42,104857600, 2459354.00
43,104857600, 2665400.00
44,104857600, 2453759.00
45,104857600, 2458170.00
46,104857600, 2459316.00
47,104857600, 2459277.00
48,104857600, 2459657.00
49,104857600, 2454487.00
50,104857600, 2457054.00
51,104857600, 2459666.00
52,104857600, 2671296.00
53,104857600, 2450140.00
54,104857600, 2456274.00
0,1073741824, 15358909.00
1,1073741824, 15157778.00
2,1073741824, 15150984.00
3,1073741824, 14954070.00
4,1073741824, 15565880.00
5,1073741824, 15769518.00
6,1073741824, 15772078.00
7,1073741824, 15766959.00
8,1073741824, 15358044.00
9,1073741824, 15376973.00
10,1073741824, 15754911.00
11,1073741824, 15563417.00
12,1073741824, 15155239.00
13,1073741824, 15159582.00
14,1073741824, 15567340.00
15,1073741824, 15561860.00
16,1073741824, 15770121.00
17,1073741824, 15771121.00
18,1073741824, 15562797.00
19,1073741824, 15364279.00
20,1073741824, 15769294.00
21,1073741824, 15770163.00
22,1073741824, 15558762.00
23,1073741824, 15565329.00
24,1073741824, 15566502.00
25,1073741824, 15771716.00
26,1073741824, 15776527.00
27,1073741824, 15766050.00
28,1073741824, 15769335.00
29,1073741824, 15354303.00
30,1073741824, 15777690.00
31,1073741824, 15559421.00
32,1073741824, 15567547.00
33,1073741824, 15560576.00
34,1073741824, 15156764.00
35,1073741824, 15979776.00
36,1073741824, 16382445.00
37,1073741824, 14948594.00
38,1073741824, 14741185.00
39,1073741824, 15775994.00
40,1073741824, 15768639.00
41,1073741824, 15772646.00
42,1073741824, 15768564.00
43,1073741824, 15563482.00
44,1073741824, 15152789.00
45,1073741824, 15361317.00
46,1073741824, 15569839.00
47,1073741824, 14950386.00
48,1073741824, 15358860.00
49,1073741824, 15361235.00
50,1073741824, 15969746.00
51,1073741824, 15567899.00
52,1073741824, 15768245.00
53,1073741824, 15772254.00
