Trial#,download_time
0,209715200, 4495135.00
1,209715200, 4094993.00
2,209715200, 4096659.00
3,209715200, 4507229.00
4,209715200, 4709545.00
5,209715200, 4711371.00
6,209715200, 4508557.00
7,209715200, 4712716.00
8,209715200, 4619750.00
9,209715200, 4355264.00
10,209715200, 4341769.00
11,209715200, 4093043.00
12,209715200, 4101075.00
13,209715200, 4093195.00
14,209715200, 4101017.00
15,209715200, 4091919.00
16,209715200, 4095698.00
17,209715200, 4094503.00
18,209715200, 4097488.00
19,209715200, 3887540.00
20,209715200, 3889864.00
21,209715200, 3891777.00
22,209715200, 3890303.00
23,209715200, 4105316.00
24,209715200, 3883923.00
25,209715200, 3890218.00
26,209715200, 4103015.00
27,209715200, 4094615.00
28,209715200, 4513668.00
29,209715200, 4915222.00
30,209715200, 4089217.00
31,209715200, 4097946.00
32,209715200, 4097857.00
33,209715200, 4107164.00
34,209715200, 4084095.00
35,209715200, 4093576.00
36,209715200, 4098622.00
37,209715200, 4095947.00
38,209715200, 3885992.00
39,209715200, 4099267.00
40,209715200, 4102246.00
41,209715200, 4096196.00
42,209715200, 4093669.00
43,209715200, 4098277.00
44,209715200, 4093879.00
45,209715200, 4104044.00
46,209715200, 4091434.00
47,209715200, 4099739.00
48,209715200, 4095882.00
49,209715200, 4093064.00
50,209715200, 4099873.00
51,209715200, 4098297.00
52,209715200, 4112531.00
53,209715200, 4081616.00
54,209715200, 4089731.00
0,419430400, 6959384.00
1,419430400, 7169495.00
2,419430400, 7376757.00
3,419430400, 6963626.00
4,419430400, 6978970.00
5,419430400, 7156718.00
6,419430400, 7164213.00
7,419430400, 7167963.00
8,419430400, 6964105.00
9,419430400, 7169378.00
10,419430400, 7371150.00
11,419430400, 7125571.00
12,419430400, 7003592.00
13,419430400, 7383344.00
14,419430400, 7167339.00
15,419430400, 6954526.00
16,419430400, 7173791.00
17,419430400, 6962770.00
18,419430400, 6972531.00
19,419430400, 7161009.00
20,419430400, 7582420.00
21,419430400, 7170396.00
22,419430400, 7167460.00
23,419430400, 6962715.00
24,419430400, 7165539.00
25,419430400, 7585563.00
26,419430400, 7787368.00
27,419430400, 7575607.00
28,419430400, 7584209.00
29,419430400, 7359172.00
30,419430400, 7170242.00
31,419430400, 7373186.00
32,419430400, 7371149.00
33,419430400, 7786625.00
34,419430400, 7586098.00
35,419430400, 7777033.00
36,419430400, 7375575.00
37,419430400, 7161387.00
38,419430400, 7165347.00
39,419430400, 7374818.00
40,419430400, 7164196.00
41,419430400, 7378362.00
42,419430400, 7579680.00
43,419430400, 8199633.00
44,419430400, 7983569.00
45,419430400, 8000726.00
46,419430400, 8388233.00
47,419430400, 8190544.00
48,419430400, 7779886.00
49,419430400, 8193573.00
50,419430400, 8400138.00
51,419430400, 8395864.00
52,419430400, 7573328.00
53,419430400, 7370284.00
54,419430400, 7373745.00
0,629145600, 11890251.00
1,629145600, 11083773.00
2,629145600, 9783221.00
3,629145600, 10667559.00
4,629145600, 11258291.00
5,629145600, 10652888.00
6,629145600, 10245752.00
7,629145600, 11743856.00
8,629145600, 12025993.00
9,629145600, 11870200.00
10,629145600, 12280342.00
11,629145600, 12095027.00
12,629145600, 11869456.00
13,629145600, 12495570.00
14,629145600, 12690585.00
15,629145600, 12088208.00
16,629145600, 11873932.00
17,629145600, 11892443.00
18,629145600, 11869598.00
19,629145600, 12081786.00
20,629145600, 11667471.00
21,629145600, 11685300.00
22,629145600, 11689363.00
23,629145600, 11651948.00
24,629145600, 12089151.00
25,629145600, 11669988.00
26,629145600, 11922108.00
27,629145600, 11841966.00
28,629145600, 11870220.00
29,629145600, 11881657.00
30,629145600, 11884238.00
31,629145600, 10217831.00
32,629145600, 10033790.00
33,629145600, 10242239.00
34,629145600, 10040777.00
35,629145600, 10236912.00
36,629145600, 10056949.00
37,629145600, 10219346.00
38,629145600, 10041443.00
39,629145600, 10233314.00
40,629145600, 10061420.00
41,629145600, 10425321.00
42,629145600, 10859582.00
43,629145600, 10899841.00
44,629145600, 10798949.00
45,629145600, 10244714.00
46,629145600, 10065740.00
47,629145600, 10211888.00
48,629145600, 10657997.00
49,629145600, 10225340.00
50,629145600, 10244623.00
51,629145600, 10473792.00
52,629145600, 10221931.00
53,629145600, 11069345.00
54,629145600, 11272704.00
0,838860800, 14310320.00
1,838860800, 14745538.00
2,838860800, 13310507.00
3,838860800, 13518554.00
4,838860800, 13107388.00
5,838860800, 13316361.00
6,838860800, 13315045.00
7,838860800, 13305298.00
8,838860800, 13313206.00
9,838860800, 14157552.00
10,838860800, 13495138.00
11,838860800, 13719445.00
12,838860800, 12904858.00
13,838860800, 12900788.00
14,838860800, 12901275.00
15,838860800, 12906476.00
16,838860800, 13114408.00
17,838860800, 12686905.00
18,838860800, 13729075.00
19,838860800, 14151297.00
20,838860800, 13913315.00
21,838860800, 14156508.00
22,838860800, 13890085.00
23,838860800, 13940256.00
24,838860800, 14331160.00
25,838860800, 14346085.00
26,838860800, 14123108.00
27,838860800, 13927682.00
28,838860800, 13735761.00
29,838860800, 13922865.00
30,838860800, 13925736.00
31,838860800, 14129638.00
32,838860800, 13921514.00
33,838860800, 13939014.00
34,838860800, 13701399.00
35,838860800, 13938423.00
36,838860800, 13933897.00
37,838860800, 14355317.00
38,838860800, 14306790.00
39,838860800, 14159674.00
40,838860800, 13908906.00
41,838860800, 15156358.00
42,838860800, 14945908.00
43,838860800, 14959418.00
44,838860800, 14117902.00
45,838860800, 13719922.00
46,838860800, 13924587.00
47,838860800, 13926192.00
48,838860800, 13929928.00
49,838860800, 14139827.00
50,838860800, 13511233.00
51,838860800, 13921630.00
52,838860800, 13933022.00
53,838860800, 13307470.00
