Trial#,download_time
0,102400, 1661.00
1,102400, 1642.00
2,102400, 1679.00
3,102400, 71691.00
4,102400, 90007.00
5,102400, 17385.00
6,102400, 226391.00
7,102400, 227034.00
8,102400, 388355.00
9,102400, 1928.00
10,102400, 15560.00
11,102400, 19082.00
12,102400, 17751.00
13,102400, 191764.00
14,102400, 316277.00
15,102400, 329480.00
16,102400, 18010.00
17,102400, 22504.00
18,102400, 101871.00
19,102400, 226740.00
20,102400, 222308.00
21,102400, 1655.00
22,102400, 21759.00
23,102400, 223061.00
24,102400, 340617.00
25,102400, 19132.00
26,102400, 24248.00
27,102400, 18679.00
28,102400, 127870.00
29,102400, 41756.00
30,102400, 1742.00
31,102400, 18919.00
32,102400, 17450.00
33,102400, 239564.00
34,102400, 363562.00
35,102400, 16521.00
36,102400, 118325.00
37,102400, 1747.00
38,102400, 143329.00
39,102400, 167545.00
40,102400, 24338.00
41,102400, 122704.00
42,102400, 1646.00
43,102400, 359053.00
44,102400, 379257.00
45,102400, 322855.00
46,102400, 14065.00
47,102400, 1655.00
48,102400, 167403.00
49,102400, 189921.00
50,102400, 22274.00
51,102400, 19156.00
52,102400, 19893.00
53,102400, 174549.00
54,102400, 198266.00
0,1048576, 131686.00
1,1048576, 28668.00
2,1048576, 32670.00
3,1048576, 43490.00
4,1048576, 130320.00
5,1048576, 133899.00
6,1048576, 123250.00
7,1048576, 348522.00
8,1048576, 333321.00
9,1048576, 334334.00
10,1048576, 336922.00
11,1048576, 343824.00
12,1048576, 18688.00
13,1048576, 28069.00
14,1048576, 33706.00
15,1048576, 42624.00
16,1048576, 34474.00
17,1048576, 40182.00
18,1048576, 41022.00
19,1048576, 226962.00
20,1048576, 239105.00
21,1048576, 231561.00
22,1048576, 248749.00
23,1048576, 337645.00
24,1048576, 19288.00
25,1048576, 7920.00
26,1048576, 245728.00
27,1048576, 231144.00
28,1048576, 227361.00
29,1048576, 235465.00
30,1048576, 8597.00
31,1048576, 30860.00
32,1048576, 36419.00
33,1048576, 31858.00
34,1048576, 33976.00
35,1048576, 33310.00
36,1048576, 32470.00
37,1048576, 30194.00
38,1048576, 33182.00
39,1048576, 32225.00
40,1048576, 34090.00
41,1048576, 34256.00
42,1048576, 228241.00
43,1048576, 235347.00
44,1048576, 29542.00
45,1048576, 236676.00
46,1048576, 33067.00
47,1048576, 236032.00
48,1048576, 236118.00
49,1048576, 346130.00
50,1048576, 33862.00
51,1048576, 41897.00
52,1048576, 34922.00
53,1048576, 28458.00
54,1048576, 234038.00
0,10485760, 286989.00
1,10485760, 437870.00
2,10485760, 501292.00
3,10485760, 292938.00
4,10485760, 284060.00
5,10485760, 448964.00
6,10485760, 224668.00
7,10485760, 78690.00
8,10485760, 333028.00
9,10485760, 67446.00
10,10485760, 391554.00
11,10485760, 379585.00
12,10485760, 379873.00
13,10485760, 386369.00
14,10485760, 440053.00
15,10485760, 187571.00
16,10485760, 425707.00
17,10485760, 377522.00
18,10485760, 388618.00
19,10485760, 390560.00
20,10485760, 410666.00
21,10485760, 527219.00
22,10485760, 187909.00
23,10485760, 426562.00
24,10485760, 386123.00
25,10485760, 495830.00
26,10485760, 337015.00
27,10485760, 456299.00
28,10485760, 282705.00
29,10485760, 300049.00
30,10485760, 453061.00
31,10485760, 283082.00
32,10485760, 287820.00
33,10485760, 283921.00
34,10485760, 423755.00
35,10485760, 79352.00
36,10485760, 290583.00
37,10485760, 277341.00
38,10485760, 286147.00
39,10485760, 326107.00
40,10485760, 227331.00
41,10485760, 95261.00
42,10485760, 271879.00
43,10485760, 371628.00
44,10485760, 478507.00
45,10485760, 285242.00
46,10485760, 311915.00
47,10485760, 274117.00
48,10485760, 323567.00
49,10485760, 276669.00
50,10485760, 278484.00
51,10485760, 487285.00
52,10485760, 379618.00
53,10485760, 83668.00
54,10485760, 388677.00
0,104857600, 1963334.00
1,104857600, 1754236.00
2,104857600, 1865230.00
3,104857600, 1946607.00
4,104857600, 1944563.00
5,104857600, 1539708.00
6,104857600, 1558193.00
7,104857600, 2289375.00
8,104857600, 1833342.00
9,104857600, 1946033.00
10,104857600, 3173841.00
11,104857600, 2256670.00
12,104857600, 1627000.00
13,104857600, 1548784.00
14,104857600, 1568255.00
15,104857600, 1679847.00
16,104857600, 2867557.00
17,104857600, 1931720.00
18,104857600, 1959833.00
19,104857600, 1639503.00
20,104857600, 2044119.00
21,104857600, 1944131.00
22,104857600, 1523980.00
23,104857600, 1885251.00
24,104857600, 1623007.00
25,104857600, 2683729.00
26,104857600, 2032965.00
27,104857600, 1943453.00
28,104857600, 1774936.00
29,104857600, 2134151.00
30,104857600, 1931635.00
31,104857600, 1964506.00
32,104857600, 1950692.00
33,104857600, 2015624.00
34,104857600, 2580742.00
35,104857600, 2092554.00
36,104857600, 1658737.00
37,104857600, 2143487.00
38,104857600, 2191622.00
39,104857600, 3626602.00
40,104857600, 3390430.00
41,104857600, 3590685.00
42,104857600, 1943280.00
43,104857600, 2216518.00
44,104857600, 2089235.00
45,104857600, 2556817.00
46,104857600, 1545128.00
47,104857600, 1912574.00
48,104857600, 1539950.00
49,104857600, 2120728.00
50,104857600, 2251992.00
51,104857600, 1751031.00
52,104857600, 1992776.00
53,104857600, 3626454.00
54,104857600, 2132980.00
0,1073741824, 7757853.00
1,1073741824, 10639869.00
2,1073741824, 7210432.00
3,1073741824, 9640668.00
4,1073741824, 9057398.00
5,1073741824, 9491879.00
6,1073741824, 10101966.00
7,1073741824, 10393744.00
8,1073741824, 8145925.00
9,1073741824, 9747053.00
10,1073741824, 9111371.00
11,1073741824, 10355110.00
12,1073741824, 9734027.00
13,1073741824, 10994429.00
14,1073741824, 9190015.00
15,1073741824, 10273052.00
16,1073741824, 10323729.00
17,1073741824, 14846200.00
18,1073741824, 7268311.00
19,1073741824, 10603210.00
20,1073741824, 7236426.00
21,1073741824, 8400422.00
22,1073741824, 9927061.00
23,1073741824, 9187123.00
24,1073741824, 9053847.00
25,1073741824, 8443094.00
26,1073741824, 7183513.00
27,1073741824, 6814775.00
28,1073741824, 8301891.00
29,1073741824, 8303791.00
30,1073741824, 8577303.00
31,1073741824, 8323781.00
32,1073741824, 7123973.00
33,1073741824, 8195487.00
34,1073741824, 7418356.00
35,1073741824, 9338709.00
36,1073741824, 8494629.00
37,1073741824, 8444366.00
38,1073741824, 7856614.00
39,1073741824, 6710547.00
40,1073741824, 8142399.00
41,1073741824, 6982934.00
42,1073741824, 9085706.00
43,1073741824, 7839368.00
44,1073741824, 8262810.00
45,1073741824, 8686501.00
46,1073741824, 7622346.00
47,1073741824, 9136043.00
48,1073741824, 7583769.00
49,1073741824, 9264167.00
50,1073741824, 7514265.00
51,1073741824, 8552304.00
52,1073741824, 9380675.00
53,1073741824, 7402888.00
