Trial#,download_time
0,209715200, 2259801.00
1,209715200, 2150003.00
2,209715200, 2771392.00
3,209715200, 2864245.00
4,209715200, 2679108.00
5,209715200, 2870528.00
6,209715200, 2548651.00
7,209715200, 2171400.00
8,209715200, 4097158.00
9,209715200, 2716733.00
10,209715200, 2880397.00
11,209715200, 2723109.00
12,209715200, 2362452.00
13,209715200, 3993463.00
14,209715200, 2159607.00
15,209715200, 2709980.00
16,209715200, 2669185.00
17,209715200, 2459968.00
18,209715200, 2582263.00
19,209715200, 3290867.00
20,209715200, 2748338.00
21,209715200, 2848195.00
22,209715200, 2252869.00
23,209715200, 2264936.00
24,209715200, 4192029.00
25,209715200, 2669281.00
26,209715200, 2664481.00
27,209715200, 2560937.00
28,209715200, 2268287.00
29,209715200, 2696694.00
0,419430400, 4678011.00
1,419430400, 3704678.00
2,419430400, 4282382.00
3,419430400, 3748517.00
4,419430400, 5482336.00
5,419430400, 4731281.00
6,419430400, 3774621.00
7,419430400, 3784220.00
8,419430400, 4962702.00
9,419430400, 3786221.00
10,419430400, 4259260.00
11,419430400, 3759580.00
12,419430400, 4958880.00
13,419430400, 3474188.00
14,419430400, 4519831.00
15,419430400, 4111949.00
16,419430400, 5122895.00
17,419430400, 3644188.00
18,419430400, 4245383.00
19,419430400, 4062301.00
20,419430400, 4957620.00
21,419430400, 3929646.00
22,419430400, 4169964.00
23,419430400, 3272292.00
24,419430400, 5824080.00
25,419430400, 3758269.00
26,419430400, 4566033.00
27,419430400, 3698106.00
28,419430400, 5232468.00
29,419430400, 3734452.00
0,629145600, 5618121.00
1,629145600, 5821007.00
2,629145600, 5070347.00
3,629145600, 5862719.00
4,629145600, 5049200.00
5,629145600, 5187730.00
6,629145600, 5775181.00
7,629145600, 4599343.00
8,629145600, 6362164.00
9,629145600, 5245226.00
10,629145600, 4392388.00
11,629145600, 7054630.00
12,629145600, 5841563.00
13,629145600, 5037479.00
14,629145600, 7192597.00
15,629145600, 5701043.00
16,629145600, 4836554.00
17,629145600, 6939077.00
18,629145600, 6288742.00
19,629145600, 4813866.00
20,629145600, 7281808.00
21,629145600, 5582737.00
22,629145600, 4759570.00
23,629145600, 7015629.00
24,629145600, 5913501.00
25,629145600, 4491608.00
26,629145600, 6423419.00
27,629145600, 5598756.00
28,629145600, 4620624.00
29,629145600, 7427646.00
0,838860800, 6314376.00
1,838860800, 5895596.00
2,838860800, 9183460.00
3,838860800, 7115382.00
4,838860800, 7626974.00
5,838860800, 7023946.00
6,838860800, 7646592.00
7,838860800, 7734499.00
8,838860800, 6048725.00
9,838860800, 8411149.00
10,838860800, 7001705.00
11,838860800, 7582425.00
12,838860800, 7542521.00
13,838860800, 7862134.00
14,838860800, 6504454.00
15,838860800, 5841899.00
16,838860800, 8172893.00
17,838860800, 6354833.00
18,838860800, 7896464.00
19,838860800, 7725399.00
20,838860800, 6779368.00
21,838860800, 6260438.00
22,838860800, 6506197.00
23,838860800, 9176959.00
24,838860800, 6506442.00
25,838860800, 8122215.00
26,838860800, 7400418.00
27,838860800, 8662200.00
28,838860800, 7702256.00
