Trial#,download_time
0,102400, 1710.00
1,102400, 2068.00
2,102400, 24314.00
3,102400, 14226.00
4,102400, 25734.00
5,102400, 25847.00
6,102400, 334098.00
7,102400, 724.00
8,102400, 126221.00
9,102400, 2037.00
10,102400, 1611.00
11,102400, 1647.00
12,102400, 1604.00
13,102400, 138296.00
14,102400, 126114.00
15,102400, 125980.00
16,102400, 125901.00
17,102400, 125642.00
18,102400, 251410.00
19,102400, 126512.00
20,102400, 1132.00
21,102400, 2031.00
22,102400, 22615.00
23,102400, 25816.00
24,102400, 24639.00
25,102400, 23199.00
26,102400, 1602.00
27,102400, 1608.00
28,102400, 1605.00
29,102400, 2035.00
30,102400, 1596.00
31,102400, 24390.00
32,102400, 227254.00
33,102400, 24137.00
34,102400, 633612.00
35,102400, 23786.00
36,102400, 228406.00
37,102400, 23285.00
38,102400, 125249.00
39,102400, 1617.00
40,102400, 126594.00
41,102400, 125978.00
42,102400, 125324.00
43,102400, 124876.00
44,102400, 124665.00
45,102400, 125178.00
46,102400, 124548.00
47,102400, 126416.00
48,102400, 330281.00
49,102400, 329540.00
50,102400, 329452.00
51,102400, 329683.00
52,102400, 1596.00
53,102400, 1985.00
54,102400, 1584.00
0,1048576, 33247.00
1,1048576, 40395.00
2,1048576, 55333.00
3,1048576, 30983.00
4,1048576, 356776.00
5,1048576, 24808.00
6,1048576, 28451.00
7,1048576, 29512.00
8,1048576, 74392.00
9,1048576, 43343.00
10,1048576, 33392.00
11,1048576, 37737.00
12,1048576, 35878.00
13,1048576, 52628.00
14,1048576, 32275.00
15,1048576, 30438.00
16,1048576, 28702.00
17,1048576, 53549.00
18,1048576, 34733.00
19,1048576, 234526.00
20,1048576, 39655.00
21,1048576, 357586.00
22,1048576, 342079.00
23,1048576, 338260.00
24,1048576, 337841.00
25,1048576, 28377.00
26,1048576, 29702.00
27,1048576, 30902.00
28,1048576, 49065.00
29,1048576, 61381.00
30,1048576, 37721.00
31,1048576, 35179.00
32,1048576, 646587.00
33,1048576, 35676.00
34,1048576, 28824.00
35,1048576, 343187.00
36,1048576, 335275.00
37,1048576, 336679.00
38,1048576, 288424.00
39,1048576, 52217.00
40,1048576, 33566.00
41,1048576, 24439.00
42,1048576, 46799.00
43,1048576, 240290.00
44,1048576, 235802.00
45,1048576, 233501.00
46,1048576, 256369.00
47,1048576, 239520.00
48,1048576, 24627.00
49,1048576, 52442.00
50,1048576, 240710.00
51,1048576, 238350.00
52,1048576, 237210.00
53,1048576, 255693.00
54,1048576, 236977.00
0,10485760, 501611.00
1,10485760, 287845.00
2,10485760, 281098.00
3,10485760, 187749.00
4,10485760, 387000.00
5,10485760, 384043.00
6,10485760, 430194.00
7,10485760, 71702.00
8,10485760, 278450.00
9,10485760, 346571.00
10,10485760, 69073.00
11,10485760, 282102.00
12,10485760, 391515.00
13,10485760, 382953.00
14,10485760, 386135.00
15,10485760, 78077.00
16,10485760, 280942.00
17,10485760, 277951.00
18,10485760, 329571.00
19,10485760, 65077.00
20,10485760, 282018.00
21,10485760, 383947.00
22,10485760, 385583.00
23,10485760, 384230.00
24,10485760, 472113.00
25,10485760, 282324.00
26,10485760, 283226.00
27,10485760, 162261.00
28,10485760, 380307.00
29,10485760, 381416.00
30,10485760, 501706.00
31,10485760, 209399.00
32,10485760, 282612.00
33,10485760, 185525.00
34,10485760, 482153.00
35,10485760, 279214.00
36,10485760, 286238.00
37,10485760, 185122.00
38,10485760, 379874.00
39,10485760, 383770.00
40,10485760, 428677.00
41,10485760, 84921.00
42,10485760, 285413.00
43,10485760, 290869.00
44,10485760, 281800.00
45,10485760, 278875.00
46,10485760, 375319.00
47,10485760, 380886.00
48,10485760, 382191.00
49,10485760, 467541.00
50,10485760, 99200.00
51,10485760, 382018.00
52,10485760, 383081.00
53,10485760, 392428.00
54,10485760, 384963.00
0,104857600, 1862588.00
1,104857600, 1658715.00
2,104857600, 1557509.00
3,104857600, 1558286.00
4,104857600, 1558785.00
5,104857600, 1579127.00
6,104857600, 1559863.00
7,104857600, 1561130.00
8,104857600, 1559983.00
9,104857600, 1561991.00
10,104857600, 1787126.00
11,104857600, 1926989.00
12,104857600, 1535626.00
13,104857600, 1871431.00
14,104857600, 1535815.00
15,104857600, 1900993.00
16,104857600, 1918059.00
17,104857600, 1546057.00
18,104857600, 1670549.00
19,104857600, 1544994.00
20,104857600, 1880924.00
21,104857600, 1621199.00
22,104857600, 1548331.00
23,104857600, 1966025.00
24,104857600, 1963760.00
25,104857600, 1551720.00
26,104857600, 1882725.00
27,104857600, 1932088.00
28,104857600, 2880578.00
29,104857600, 3073370.00
30,104857600, 1888899.00
31,104857600, 1569186.00
32,104857600, 1888530.00
33,104857600, 1630597.00
34,104857600, 1544029.00
35,104857600, 2030583.00
36,104857600, 1909142.00
37,104857600, 1560549.00
38,104857600, 1891633.00
39,104857600, 1538352.00
40,104857600, 1898725.00
41,104857600, 1532025.00
42,104857600, 1931245.00
43,104857600, 1911568.00
44,104857600, 1671040.00
45,104857600, 1924334.00
46,104857600, 1647839.00
47,104857600, 1526462.00
48,104857600, 1949176.00
49,104857600, 1917436.00
50,104857600, 1525252.00
51,104857600, 2029683.00
52,104857600, 1523488.00
53,104857600, 1975962.00
54,104857600, 1999367.00
0,1073741824, 7368309.00
1,1073741824, 6870272.00
2,1073741824, 7097476.00
3,1073741824, 7056210.00
4,1073741824, 6572757.00
5,1073741824, 7022258.00
6,1073741824, 7025350.00
7,1073741824, 6842661.00
8,1073741824, 6957666.00
9,1073741824, 6550956.00
10,1073741824, 6870378.00
11,1073741824, 6458903.00
12,1073741824, 6943323.00
13,1073741824, 6898925.00
14,1073741824, 6908229.00
15,1073741824, 6934941.00
16,1073741824, 6629851.00
17,1073741824, 6577684.00
18,1073741824, 6674569.00
19,1073741824, 6645486.00
20,1073741824, 6797925.00
21,1073741824, 6981619.00
22,1073741824, 6989934.00
23,1073741824, 6955179.00
24,1073741824, 6948006.00
25,1073741824, 6629544.00
26,1073741824, 6655331.00
27,1073741824, 6555584.00
28,1073741824, 6605834.00
29,1073741824, 6634240.00
30,1073741824, 7027652.00
31,1073741824, 6926181.00
32,1073741824, 6628758.00
33,1073741824, 6897439.00
34,1073741824, 7042283.00
35,1073741824, 6556904.00
36,1073741824, 6581007.00
37,1073741824, 7040618.00
38,1073741824, 6855549.00
39,1073741824, 6502625.00
40,1073741824, 6644551.00
41,1073741824, 6857345.00
42,1073741824, 6654954.00
43,1073741824, 7021558.00
44,1073741824, 6997150.00
45,1073741824, 6965988.00
46,1073741824, 6638484.00
47,1073741824, 6963570.00
48,1073741824, 6613587.00
49,1073741824, 6546701.00
50,1073741824, 7058476.00
51,1073741824, 6907909.00
52,1073741824, 6721119.00
53,1073741824, 6906803.00
