Trial#,download_time
0,209715200, 2597160.00
1,209715200, 2459841.00
2,209715200, 2458147.00
3,209715200, 2477587.00
4,209715200, 2541876.00
5,209715200, 2459852.00
6,209715200, 2458176.00
7,209715200, 2464440.00
8,209715200, 2453256.00
9,209715200, 2094026.00
10,209715200, 2609954.00
11,209715200, 5322207.00
12,209715200, 2737065.00
13,209715200, 2079769.00
14,209715200, 2100848.00
15,209715200, 2923444.00
16,209715200, 2559344.00
17,209715200, 2460683.00
18,209715200, 2456463.00
19,209715200, 2495562.00
20,209715200, 2423482.00
21,209715200, 2463281.00
22,209715200, 2462673.00
23,209715200, 2464259.00
24,209715200, 2442802.00
25,209715200, 2528635.00
26,209715200, 2081782.00
27,209715200, 2118198.00
28,209715200, 2429012.00
29,209715200, 2457124.00
30,209715200, 2154406.00
31,209715200, 2044277.00
32,209715200, 2063716.00
33,209715200, 2542030.00
34,209715200, 2452100.00
35,209715200, 2685283.00
36,209715200, 2437784.00
37,209715200, 2461281.00
38,209715200, 2636742.00
39,209715200, 2072444.00
40,209715200, 2444975.00
41,209715200, 2457399.00
42,209715200, 2472971.00
43,209715200, 2444640.00
44,209715200, 2455378.00
45,209715200, 2514403.00
46,209715200, 2409685.00
47,209715200, 2452489.00
48,209715200, 2555935.00
49,209715200, 2462939.00
50,209715200, 2459187.00
51,209715200, 2468094.00
52,209715200, 2459553.00
53,209715200, 2447739.00
54,209715200, 2462082.00
0,419430400, 3171000.00
1,419430400, 3526725.00
2,419430400, 3241844.00
3,419430400, 3176726.00
4,419430400, 3183734.00
5,419430400, 3495128.00
6,419430400, 3649408.00
7,419430400, 3235845.00
8,419430400, 3198876.00
9,419430400, 3173576.00
10,419430400, 3639913.00
11,419430400, 3572211.00
12,419430400, 3364305.00
13,419430400, 3543909.00
14,419430400, 3662806.00
15,419430400, 3483823.00
16,419430400, 3288687.00
17,419430400, 3164549.00
18,419430400, 3224750.00
19,419430400, 3175330.00
20,419430400, 3635587.00
21,419430400, 3274783.00
22,419430400, 3539877.00
23,419430400, 3174840.00
24,419430400, 3390426.00
25,419430400, 3546941.00
26,419430400, 3172992.00
27,419430400, 3550908.00
28,419430400, 3170280.00
29,419430400, 3573573.00
30,419430400, 3561069.00
31,419430400, 3588095.00
32,419430400, 3283004.00
33,419430400, 3378277.00
34,419430400, 3660373.00
35,419430400, 3686980.00
36,419430400, 3278259.00
37,419430400, 3544806.00
38,419430400, 3524313.00
39,419430400, 3182992.00
40,419430400, 3165551.00
41,419430400, 3594057.00
42,419430400, 3401880.00
43,419430400, 3218956.00
44,419430400, 3581817.00
45,419430400, 3516683.00
46,419430400, 3198355.00
47,419430400, 3153254.00
48,419430400, 3498814.00
49,419430400, 3159784.00
50,419430400, 3188468.00
51,419430400, 3480642.00
52,419430400, 3171062.00
53,419430400, 3173731.00
54,419430400, 3199808.00
0,629145600, 4302235.00
1,629145600, 4304354.00
2,629145600, 4602006.00
3,629145600, 4670723.00
4,629145600, 4236389.00
5,629145600, 4199771.00
6,629145600, 4695219.00
7,629145600, 4221851.00
8,629145600, 4632035.00
9,629145600, 4681423.00
10,629145600, 4416473.00
11,629145600, 4615528.00
12,629145600, 4201548.00
13,629145600, 4610127.00
14,629145600, 4269809.00
15,629145600, 4654254.00
16,629145600, 4386349.00
17,629145600, 4220005.00
18,629145600, 4613064.00
19,629145600, 4242528.00
20,629145600, 4573141.00
21,629145600, 4204090.00
22,629145600, 4498072.00
23,629145600, 4618944.00
24,629145600, 4194283.00
25,629145600, 4247639.00
26,629145600, 4789903.00
27,629145600, 4597361.00
28,629145600, 4620967.00
29,629145600, 4693318.00
30,629145600, 4206995.00
31,629145600, 4205911.00
32,629145600, 4436277.00
33,629145600, 4581902.00
34,629145600, 4619399.00
35,629145600, 4910472.00
36,629145600, 4209221.00
37,629145600, 4713207.00
38,629145600, 4818539.00
39,629145600, 4614562.00
40,629145600, 4254363.00
41,629145600, 4332652.00
42,629145600, 4315538.00
43,629145600, 4604358.00
44,629145600, 4212903.00
45,629145600, 4299806.00
46,629145600, 4623206.00
47,629145600, 4199968.00
48,629145600, 4294388.00
49,629145600, 4240758.00
50,629145600, 4639114.00
51,629145600, 4552943.00
52,629145600, 4610825.00
53,629145600, 4211427.00
54,629145600, 4625197.00
0,838860800, 5619215.00
1,838860800, 5624588.00
2,838860800, 5329728.00
3,838860800, 5649729.00
4,838860800, 5833584.00
5,838860800, 5328118.00
6,838860800, 5441940.00
7,838860800, 5840943.00
8,838860800, 6864636.00
9,838860800, 8715183.00
10,838860800, 5309812.00
11,838860800, 5344554.00
12,838860800, 5309171.00
13,838860800, 5645328.00
14,838860800, 5325517.00
15,838860800, 5740280.00
16,838860800, 5848412.00
17,838860800, 5515621.00
18,838860800, 5654771.00
19,838860800, 5321850.00
20,838860800, 5744296.00
21,838860800, 5332273.00
22,838860800, 5630013.00
23,838860800, 5630118.00
24,838860800, 5754889.00
25,838860800, 5306202.00
26,838860800, 5643057.00
27,838860800, 5664215.00
28,838860800, 5730900.00
29,838860800, 5303506.00
30,838860800, 5329649.00
31,838860800, 5545934.00
32,838860800, 5634779.00
33,838860800, 5627970.00
34,838860800, 5639083.00
35,838860800, 5640876.00
36,838860800, 5820015.00
37,838860800, 5660765.00
38,838860800, 5632348.00
39,838860800, 5629749.00
40,838860800, 5662182.00
41,838860800, 5307689.00
42,838860800, 5645751.00
43,838860800, 5734502.00
44,838860800, 5636404.00
45,838860800, 6013451.00
46,838860800, 5674244.00
47,838860800, 5315842.00
48,838860800, 5759132.00
49,838860800, 5345726.00
50,838860800, 5403541.00
51,838860800, 5750044.00
52,838860800, 5326500.00
53,838860800, 5625505.00
