Trial#,download_time
177.9
255.6
247.9
251.9
244.9
248.2
235.6
154.4
97.9
170.8
242.3
254.2
211.5
232.4
217.4
188.2
201.6
139.6
197.7
241.2
241.3
246.4
251.1
242.8
219.9
163.9
115.5
199.5
239.1
248.2
216.6
137.6
128.4
234.4
222.2
157.5
194.2
238.7
244.4
246.7
247.2
243.4
218.7
104.0
80.0
189.5
219.7
253.2
252.0
234.8
216.6
171.2
207.0
148.4
237.7
226.4
250.4
246.2
253.3
249.0
209.8
151.5
78.4
209.3
240.6
239.9
178.2
70.6
70.5
202.0
146.9
141.1
227.3
237.4
246.4
248.4
235.1
243.4
162.2
92.2
130.0
228.7
245.0
223.9
119.1
165.8
232.7
209.1
170.9
162.1
243.4
244.0
246.4
255.0
251.5
248.0
216.2
124.5
90.0
138.1
230.1
204.2
243.8
245.8
244.0
218.9
168.8
158.2
133.3
231.6
245.8
230.9
254.2
248.5
230.4
116.2
112.4
113.3
219.9
246.8
240.2
241.0
134.5
161.9
210.5
203.8
108.2
229.1
230.1
244.3
248.2
247.4
249.3
225.5
103.2
95.6
171.6
208.8
217.4
226.1
231.7
156.1
245.2
207.2
210.0
156.2
155.3
239.6
235.0
253.5
254.1
249.2
248.2
209.0
129.6
92.9
178.7
245.6
231.7
224.7
243.0
221.7
193.6
212.5
210.8
180.2
127.2
233.4
225.6
255.8
252.0
254.7
249.6
241.2
135.3
104.1
192.6
239.2
223.5
241.5
225.0
216.9
126.1
211.9
158.2
143.6
230.6
227.4
247.3
255.3
251.5
254.5
247.1
155.5
116.0
113.0
235.2
238.9
220.9
216.8
133.1
104.8
126.5
174.5
135.5
145.6
481.9
243.9
243.7
229.3
252.6
250.1
233.9
145.9
104.9
139.9
225.4
191.2
222.0
216.0
219.3
155.3
74.7
158.6
201.9
162.1
135.0
241.0
215.4
224.4
239.2
54.9
56.2
49.2
42.6
44.1
48.6
50.5
51.2
48.1
51.6
51.0
54.0
49.4
50.0
50.7
48.6
48.4
53.2
53.4
56.2
59.7
59.1
56.5
58.6
57.4
