Trial#,download_time
17.0
250.9
242.2
250.2
255.6
246.2
241.6
241.8
113.4
93.7
219.9
209.4
209.7
189.8
229.2
218.3
219.7
160.5
194.3
249.9
238.3
253.6
245.2
254.4
244.2
181.2
106.0
97.2
199.4
241.7
248.2
244.7
242.3
182.1
122.7
235.7
162.2
128.8
231.6
234.3
244.1
247.3
252.7
245.6
212.0
126.8
80.6
210.5
240.0
239.2
241.7
220.8
232.0
212.4
244.0
186.6
164.4
242.1
244.4
243.0
250.3
251.0
250.6
250.0
212.8
145.7
114.2
156.1
247.2
248.8
251.7
248.3
239.7
231.6
228.4
190.6
198.4
138.8
239.7
248.6
250.5
237.2
235.1
247.8
238.4
218.1
118.1
95.7
154.2
241.9
249.6
248.8
249.4
216.8
241.2
236.7
179.9
175.9
224.7
219.8
222.6
252.0
250.3
247.1
249.4
185.9
120.4
149.3
225.9
204.5
170.5
156.9
201.3
238.1
225.7
179.8
176.2
176.6
243.1
249.5
251.3
252.7
256.4
233.4
176.2
96.2
119.5
222.4
241.6
239.2
241.1
241.2
208.1
161.2
203.5
170.5
129.7
240.8
242.8
254.6
251.3
247.8
254.0
249.1
191.3
89.9
99.8
209.7
241.3
248.6
244.8
174.9
188.2
236.5
229.0
201.9
133.9
204.7
195.0
218.7
250.2
250.1
250.8
242.5
143.1
122.5
106.0
216.9
228.5
228.3
212.4
235.5
251.9
226.2
232.7
164.4
126.5
228.2
238.3
242.4
244.4
210.2
225.3
238.5
185.8
88.4
143.4
241.5
246.0
240.6
179.4
199.4
242.6
194.5
199.5
167.3
158.8
232.3
232.2
246.0
252.2
245.9
212.3
184.8
109.9
106.5
98.7
229.6
247.4
247.2
242.4
183.2
231.3
208.6
179.6
128.7
161.8
233.5
242.2
242.5
255.3
249.9
248.7
215.8
110.6
92.8
176.9
239.6
247.5
243.6
211.3
196.6
58.5
122.1
187.7
131.2
209.9
238.3
243.4
244.2
252.9
244.9
252.5
245.8
128.3
120.8
111.7
182.0
180.4
246.7
227.8
182.1
240.5
233.2
234.0
193.3
123.0
187.2
235.5
244.0
248.5
249.9
243.3
239.7
105.1
101.2
180.3
231.6
239.8
234.5
232.6
246.8
160.5
159.3
137.8
114.6
237.5
220.3
238.3
251.1
256.0
249.2
250.3
215.0
111.8
75.1
165.7
210.6
222.3
242.0
211.3
226.6
166.9
201.2
103.9
146.6
215.4
240.9
237.4
252.2
251.1
242.8
244.0
242.3
160.3
107.5
103.8
216.7
215.9
239.6
238.0
146.7
154.7
172.7
166.0
172.8
140.5
234.9
234.0
245.3
245.9
247.6
251.1
226.5
138.4
122.4
117.6
230.0
220.1
233.6
244.2
221.3
191.6
169.9
110.7
196.9
240.1
242.3
246.6
241.9
232.5
221.1
160.4
114.7
107.6
198.2
240.8
248.6
213.0
151.5
145.3
212.3
126.0
190.4
232.6
240.6
245.3
233.3
248.7
246.0
150.6
88.2
184.2
234.0
242.5
151.9
115.9
132.2
167.7
160.7
174.1
223.8
228.2
239.7
232.7
241.6
201.9
120.4
84.0
192.7
231.6
247.5
237.6
245.0
206.2
193.6
187.3
138.7
192.5
233.8
245.7
253.9
243.3
243.0
235.3
208.0
113.7
95.1
189.4
235.5
236.0
230.6
231.9
171.6
195.6
144.9
187.5
206.3
218.1
242.9
239.0
242.8
