Trial#,download_time
69.3
181.5
184.4
180.3
173.5
182.3
184.6
165.4
136.3
121.2
151.9
177.0
169.9
184.5
185.2
175.1
143.2
176.1
118.2
174.2
170.9
187.5
192.1
190.9
186.4
189.1
167.5
108.9
90.0
135.0
181.3
185.1
183.8
191.3
193.1
171.0
114.5
181.6
186.3
186.3
190.1
186.4
187.2
163.0
96.4
99.1
139.8
155.1
181.4
182.5
126.8
166.3
176.1
174.1
115.7
178.4
187.4
213.8
213.4
194.4
186.9
157.3
85.6
104.4
173.3
185.9
185.9
166.2
179.3
180.9
162.2
124.6
154.3
187.5
209.4
185.4
183.4
189.8
191.9
142.1
93.9
150.7
185.8
174.6
174.8
185.7
186.8
181.3
175.2
130.7
101.9
171.7
176.1
186.1
201.7
214.2
210.1
203.2
171.0
94.7
93.9
144.3
177.0
178.8
181.5
180.6
72.2
93.4
118.2
145.1
178.5
182.2
186.4
186.8
180.9
195.1
213.4
112.8
82.7
189.4
194.0
208.9
194.3
165.2
173.7
131.1
146.0
124.1
165.8
205.7
184.8
173.7
210.9
213.4
183.9
163.4
77.1
130.7
175.5
173.2
181.5
170.5
93.1
44.8
130.0
155.5
145.1
171.3
181.8
183.3
181.8
184.7
183.8
180.3
123.8
93.2
132.4
178.6
195.5
188.6
190.8
173.0
200.2
95.8
150.8
153.7
178.1
194.9
185.4
187.3
188.4
172.2
181.7
156.9
93.1
103.9
171.6
187.1
188.3
160.0
178.3
168.2
162.0
146.5
146.0
185.0
184.5
177.3
183.5
191.3
189.6
170.7
82.3
129.3
179.0
172.7
176.1
183.9
140.6
184.0
151.2
119.2
123.7
146.0
182.1
184.4
182.5
185.9
182.4
186.9
175.1
146.2
78.4
154.3
174.0
184.5
183.5
184.3
134.9
165.1
178.0
148.0
128.1
111.4
180.7
186.9
175.5
178.6
187.4
189.1
184.9
141.5
97.1
106.1
161.6
171.8
183.6
178.2
163.5
68.4
154.8
152.8
115.3
183.8
185.1
187.0
187.1
193.2
207.4
205.7
163.2
79.1
120.5
181.2
185.4
186.3
173.9
165.3
100.6
135.6
127.3
126.3
175.7
181.1
188.7
185.8
178.4
188.2
169.8
131.7
90.9
185.6
206.0
197.3
191.2
196.6
72.7
78.4
154.2
132.6
164.6
183.7
169.4
186.3
187.8
189.3
186.2
150.8
106.0
72.6
138.5
179.0
183.4
183.6
182.2
183.1
174.9
130.3
107.9
150.0
184.2
183.5
187.5
185.8
185.8
191.3
174.2
126.8
94.5
124.4
179.2
179.0
176.7
173.9
153.4
166.9
163.8
149.0
120.7
176.7
171.7
170.5
178.5
187.6
184.9
184.8
115.2
102.2
121.1
177.8
184.7
183.1
173.9
166.0
146.6
124.4
107.5
167.9
183.0
185.6
188.2
189.8
189.6
180.2
168.1
106.1
112.2
139.6
172.3
181.5
183.2
178.5
162.4
81.9
114.6
153.7
90.4
190.9
183.5
180.8
171.9
181.3
183.1
183.6
186.5
113.8
106.7
101.9
164.9
173.4
185.6
169.0
141.3
143.1
110.3
156.2
125.5
178.5
181.1
181.0
184.2
184.6
182.0
184.7
134.4
111.7
93.7
160.5
175.0
187.4
183.0
171.5
129.0
165.5
168.0
99.9
134.0
181.4
186.4
188.4
171.4
178.0
178.4
180.9
118.1
79.3
170.7
171.9
170.8
178.8
139.7
111.2
128.8
113.3
181.7
