Trial#,download_time
21.9
59.6
59.9
60.4
57.5
60.9
68.0
73.6
73.9
72.5
69.4
58.6
60.5
59.3
59.6
58.5
58.6
53.9
62.1
73.0
68.4
73.2
64.9
61.9
67.1
55.8
60.8
60.9
60.7
67.1
69.5
73.7
73.7
73.2
72.6
72.8
73.4
72.8
74.1
73.8
71.9
73.5
73.9
73.4
72.6
73.7
72.6
72.2
73.3
72.4
72.8
73.4
70.9
70.7
73.2
60.7
73.4
73.2
73.2
73.9
73.1
73.5
72.9
72.9
73.5
74.0
73.0
74.1
73.0
73.0
72.9
73.6
73.9
72.3
72.3
73.7
72.0
73.4
72.4
73.9
73.3
72.9
73.0
73.3
71.3
73.8
72.9
73.2
74.2
74.0
73.5
65.2
72.1
73.0
72.5
73.4
73.7
73.4
72.5
73.6
73.4
73.5
73.3
72.7
73.4
73.3
73.4
73.1
73.3
73.7
73.0
73.2
72.6
72.8
72.3
73.8
72.9
73.6
72.6
72.8
72.7
73.0
73.3
72.9
73.3
73.3
73.2
73.3
73.8
73.3
73.6
71.4
72.8
73.7
73.2
72.4
73.9
73.3
73.1
73.1
73.4
72.2
73.7
73.7
73.2
72.7
72.7
73.3
74.2
72.6
73.1
72.6
72.7
73.6
73.5
73.2
73.4
73.2
72.7
72.4
73.4
73.0
73.4
74.0
73.4
73.7
73.1
73.4
73.2
72.8
73.4
73.5
73.8
73.9
73.6
72.5
71.6
73.7
73.0
73.8
73.5
73.2
73.8
73.7
73.5
73.6
73.9
73.3
72.0
73.4
73.5
73.4
72.9
73.4
73.4
72.6
73.2
72.9
73.3
72.8
73.5
73.9
73.6
73.0
73.1
73.2
73.4
73.4
73.8
73.5
73.4
73.0
72.4
69.2
73.0
72.3
73.0
73.4
74.0
73.1
73.1
73.2
73.1
72.8
73.6
73.2
74.1
73.3
73.7
72.7
73.8
73.2
73.1
72.0
70.8
73.9
73.7
71.4
73.6
73.9
72.7
74.1
73.6
73.3
73.1
73.4
71.9
72.7
72.6
72.8
72.2
71.8
73.2
72.9
73.4
74.0
73.0
73.0
70.6
58.9
61.5
59.2
69.6
72.5
73.6
73.2
73.7
73.6
72.8
72.1
71.3
73.6
73.5
72.4
73.6
73.3
73.9
73.5
73.4
73.2
71.1
72.4
73.0
72.9
73.0
73.6
72.6
73.5
73.5
73.6
73.8
73.8
73.8
74.1
73.8
72.9
73.1
70.9
73.8
70.5
72.8
73.7
73.6
72.7
73.6
70.6
72.7
73.5
73.2
72.9
73.1
72.3
73.2
73.1
73.1
73.1
71.0
73.2
71.1
73.9
73.4
73.2
73.3
72.7
73.3
73.1
73.4
73.0
70.7
66.5
61.3
57.5
64.0
59.7
56.4
70.4
72.6
70.7
60.8
59.4
56.6
59.2
58.7
60.5
68.8
73.5
72.9
73.5
73.0
73.3
73.1
73.5
74.1
73.3
73.1
73.8
72.9
73.9
73.5
73.2
73.6
70.9
71.5
71.5
72.9
73.0
73.7
73.8
72.2
73.4
73.9
72.5
71.7
72.8
73.5
74.5
73.4
73.1
73.3
72.0
70.7
70.1
73.3
72.6
71.9
73.6
73.4
73.4
72.8
73.6
73.3
73.9
73.6
73.8
73.0
72.6
73.1
72.7
73.3
65.5
64.3
72.4
73.2
73.6
73.9
73.7
74.3
73.1
72.8
73.0
72.8
73.8
73.2
72.4
74.0
73.1
73.4
72.8
72.4
72.3
70.5
70.2
71.5
72.5
72.3
72.0
72.4
70.9
72.4
71.8
73.2
73.2
73.1
73.5
71.8
69.7
74.1
72.2
72.5
66.0
55.6
59.5
59.4
61.1
58.4
