Trial#,download_time
41.7
171.7
194.5
201.4
188.1
199.6
194.0
174.2
95.7
58.2
88.2
155.3
167.2
181.9
181.7
187.6
123.5
124.2
53.6
173.6
188.1
189.4
195.6
196.1
189.4
126.2
72.5
44.0
114.9
182.8
195.3
195.7
142.8
150.4
138.2
110.4
78.0
183.9
202.3
194.9
198.7
189.8
144.8
69.5
113.4
174.9
183.4
198.7
92.7
52.3
7.1
73.5
172.5
90.7
166.9
195.5
156.9
195.0
196.5
171.2
167.6
67.8
58.1
162.2
198.0
190.0
193.8
188.7
140.3
190.1
150.3
46.0
181.8
187.1
194.4
191.7
190.0
180.8
107.1
63.5
119.2
176.4
168.7
196.6
186.7
141.4
125.2
146.1
130.2
136.9
191.5
192.1
196.4
194.2
184.1
81.9
68.2
78.8
184.1
194.6
197.6
186.2
167.0
191.1
193.8
124.5
107.1
183.9
191.9
171.8
191.8
187.1
165.9
60.7
96.7
204.1
191.6
198.3
194.0
196.6
187.7
182.0
156.7
93.0
180.8
190.4
188.7
197.8
195.5
192.0
163.1
79.3
39.4
149.5
192.5
196.5
194.7
190.7
111.0
149.5
171.4
98.1
110.4
192.4
185.2
189.0
191.8
190.4
163.9
100.8
73.0
137.3
180.0
194.3
188.6
168.9
180.5
52.9
148.6
164.8
82.2
188.4
185.1
191.2
194.5
195.0
186.6
141.1
78.4
61.8
169.6
197.3
190.6
191.3
186.6
163.1
143.6
96.2
186.8
184.6
190.8
198.6
190.2
184.2
86.9
85.5
107.4
188.8
197.3
165.4
189.5
198.5
164.4
157.6
121.8
110.1
192.4
192.6
197.1
194.2
190.8
175.9
71.9
62.3
168.4
180.1
197.5
181.6
59.4
18.7
13.8
125.1
129.1
85.4
191.0
170.2
187.8
192.0
190.2
166.1
177.1
63.1
58.4
66.9
126.6
184.8
191.8
146.2
63.4
100.0
106.1
100.9
187.5
182.2
191.6
192.6
196.4
195.7
190.1
129.6
82.9
58.0
169.2
201.2
197.1
194.9
73.9
95.7
180.0
134.4
96.0
116.8
191.3
146.8
175.0
195.7
187.8
127.9
86.6
34.3
130.1
194.8
199.4
199.4
172.8
114.7
174.8
165.5
141.5
131.7
189.6
192.2
190.9
192.3
192.5
161.3
50.9
64.3
148.9
179.8
181.4
186.7
189.1
167.2
169.7
141.4
140.1
112.5
111.2
187.4
191.8
190.5
187.3
190.8
157.8
99.7
78.4
77.3
141.6
193.8
169.8
111.2
40.4
27.8
105.6
149.7
132.8
70.6
186.6
182.1
190.8
192.3
186.1
185.4
150.3
58.1
32.6
113.4
133.5
185.0
195.2
193.7
180.3
117.7
157.3
71.7
83.9
145.8
170.2
195.0
159.1
191.7
158.4
85.0
49.2
159.3
164.7
158.9
196.9
109.1
189.2
105.0
151.4
93.2
150.1
184.3
190.7
186.8
177.1
188.8
186.7
60.7
58.4
152.5
123.7
97.8
20.0
17.8
18.8
80.3
93.2
133.4
171.4
199.0
197.2
195.9
167.5
130.3
